0	0	0	1	
0.025641	0	0	1	
0.0512821	0	0	1	
0.0769231	0	0	1	
0.102564	0	0	1	
0.128205	0	0	1	
0.153846	0	0	1	
0.179487	0	0	1	
0.205128	0	0	1	
0.230769	0	0	1	
0.25641	0	0	1	
0.282051	0	0	1	
0.307692	0	0	1	
0.333333	0	0	1	
0.358974	0	0	1	
0.384615	0	0	1	
0.410256	0	0	1	
0.435897	0	0	1	
0.461538	0	0	1	
0.487179	0	0	1	
0.512821	0	0	1	
0.538462	0	0	1	
0.564103	0	0	1	
0.589744	0	0	1	
0.615385	0	0	1	
0.641026	0	0	1	
0.666667	0	0	1	
0.692308	0	0	1	
0.717949	0	0	1	
0.74359	0	0	1	
0.769231	0	0	1	
0.794872	0	0	1	
0.820513	0	0	1	
0.846154	0	0	1	
0.871795	0	0	1	
0.897436	0	0	1	
0.923077	0	0	1	
0.948718	0	0	1	
0.974359	0	0	1	
1	0	0	1	
0	0.025641	0.0156377	1	
0.025641	0.025641	0.0155812	0	
0.0512821	0.025641	0.0154103	0	
0.0769231	0.025641	0.0151203	0	
0.102564	0.025641	0.0147043	0	
0.128205	0.025641	0.0141526	0	
0.153846	0.025641	0.0134543	0	
0.179487	0.025641	0.0125976	0	
0.205128	0.025641	0.0115722	0	
0.230769	0.025641	0.0103703	0	
0.25641	0.025641	0.00899004	0	
0.282051	0.025641	0.00743648	0	
0.307692	0.025641	0.00572445	0	
0.333333	0.025641	0.00387824	0	
0.358974	0.025641	0.00349664	0	
0.384615	0.025641	0.00320804	0	
0.410256	0.025641	0.00283566	0	
0.435897	0.025641	0.00239175	0	
0.461538	0.025641	0.00189125	0	
0.487179	0.025641	0.00135014	0	
0.512821	0.025641	0.000785154	0	
0.538462	0.025641	0.000212895	0	
0.564103	0.025641	-0.00034999	0	
0.589744	0.025641	-0.000887548	0	
0.615385	0.025641	-0.00138462	0	
0.641026	0.025641	-0.00182826	0	
0.666667	0.025641	-0.00220853	0	
0.692308	0.025641	-0.00279422	0	
0.717949	0.025641	-0.00584305	0	
0.74359	0.025641	-0.00883789	0	
0.769231	0.025641	-0.0118045	0	
0.794872	0.025641	-0.0147837	0	
0.820513	0.025641	-0.0178351	0	
0.846154	0.025641	-0.0210451	0	
0.871795	0.025641	-0.0245403	0	
0.897436	0.025641	-0.0285197	0	
0.923077	0.025641	-0.033324	0	
0.948718	0.025641	-0.0396115	0	
0.974359	0.025641	-0.0488455	0	
1	0.025641	-0.0648103	1	
0	0.0512821	0.0313885	1	
0.025641	0.0512821	0.0312771	0	
0.0512821	0.0512821	0.0309395	0	
0.0769231	0.0512821	0.030367	0	
0.102564	0.0512821	0.0295443	0	
0.128205	0.0512821	0.0284521	0	
0.153846	0.0512821	0.0270669	0	
0.179487	0.0512821	0.0253642	0	
0.205128	0.0512821	0.0233207	0	
0.230769	0.0512821	0.0209194	0	
0.25641	0.0512821	0.0181533	0	
0.282051	0.0512821	0.0150317	0	
0.307692	0.0512821	0.0115831	0	
0.333333	0.0512821	0.00785776	0	
0.358974	0.0512821	0.00708587	0	
0.384615	0.0512821	0.00650007	0	
0.410256	0.0512821	0.00574279	0	
0.435897	0.0512821	0.0048403	0	
0.461538	0.0512821	0.00382308	0	
0.487179	0.0512821	0.00272434	0	
0.512821	0.0512821	0.00157755	0	
0.538462	0.0512821	0.000416612	0	
0.564103	0.0512821	-0.000725338	0	
0.589744	0.0512821	-0.00181538	0	
0.615385	0.0512821	-0.00282272	0	
0.641026	0.0512821	-0.00371969	0	
0.666667	0.0512821	-0.0044855	0	
0.692308	0.0512821	-0.00565719	0	
0.717949	0.0512821	-0.0117401	0	
0.74359	0.0512821	-0.0177038	0	
0.769231	0.0512821	-0.0235965	0	
0.794872	0.0512821	-0.029495	0	
0.820513	0.0512821	-0.0355118	0	
0.846154	0.0512821	-0.0418045	0	
0.871795	0.0512821	-0.0485964	0	
0.897436	0.0512821	-0.0562144	0	
0.923077	0.0512821	-0.0651648	0	
0.948718	0.0512821	-0.0762763	0	
0.974359	0.0512821	-0.0909601	0	
1	0.0512821	-0.11155	1	
0	0.0769231	0.0473627	1	
0.025641	0.0769231	0.0471992	0	
0.0512821	0.0769231	0.0467045	0	
0.0769231	0.0769231	0.0458638	0	
0.102564	0.0769231	0.0446544	0	
0.128205	0.0769231	0.0430447	0	
0.153846	0.0769231	0.0409975	0	
0.179487	0.0769231	0.0384715	0	
0.205128	0.0769231	0.0354276	0	
0.230769	0.0769231	0.0318332	0	
0.25641	0.0769231	0.0276726	0	
0.282051	0.0769231	0.0229538	0	
0.307692	0.0769231	0.0177188	0	
0.333333	0.0769231	0.0120452	0	
0.358974	0.0769231	0.0108652	0	
0.384615	0.0769231	0.00996351	0	
0.410256	0.0769231	0.00879555	0	
0.435897	0.0769231	0.00740351	0	
0.461538	0.0769231	0.00583682	0	
0.487179	0.0769231	0.00414654	0	
0.512821	0.0769231	0.00238449	0	
0.538462	0.0769231	0.000601276	0	
0.564103	0.0769231	-0.0011522	0	
0.589744	0.0769231	-0.00282598	0	
0.615385	0.0769231	-0.00437078	0	
0.641026	0.0769231	-0.00574234	0	
0.666667	0.0769231	-0.00690489	0	
0.692308	0.0769231	-0.00866479	0	
0.717949	0.0769231	-0.017756	0	
0.74359	0.0769231	-0.0266406	0	
0.769231	0.0769231	-0.0353822	0	
0.794872	0.0769231	-0.044088	0	
0.820513	0.0769231	-0.0529121	0	
0.846154	0.0769231	-0.0620647	0	
0.871795	0.0769231	-0.0718259	0	
0.897436	0.0769231	-0.0825767	0	
0.923077	0.0769231	-0.0948437	0	
0.948718	0.0769231	-0.109369	0	
0.974359	0.0769231	-0.127168	0	
1	0.0769231	-0.149469	1	
0	0.102564	0.0636637	1	
0.025641	0.102564	0.0634534	0	
0.0512821	0.102564	0.0628152	0	
0.0769231	0.102564	0.0617302	0	
0.102564	0.102564	0.0601649	0	
0.128205	0.102564	0.0580756	0	
0.153846	0.102564	0.0554068	0	
0.179487	0.102564	0.0520977	0	
0.205128	0.102564	0.0480849	0	
0.230769	0.102564	0.0433142	0	
0.25641	0.102564	0.03775	0	
0.282051	0.102564	0.031393	0	
0.307692	0.102564	0.0242929	0	
0.333333	0.102564	0.0165601	0	
0.358974	0.102564	0.0149417	0	
0.384615	0.102564	0.0136938	0	
0.410256	0.102564	0.0120723	0	
0.435897	0.102564	0.010142	0	
0.461538	0.102564	0.00797405	0	
0.487179	0.102564	0.00564108	0	
0.512821	0.102564	0.00321252	0	
0.538462	0.102564	0.000756782	0	
0.564103	0.102564	-0.00165886	0	
0.589744	0.102564	-0.00396496	0	
0.615385	0.102564	-0.00609219	0	
0.641026	0.102564	-0.00797339	0	
0.666667	0.102564	-0.00955331	0	
0.692308	0.102564	-0.011907	0	
0.717949	0.102564	-0.0239787	0	
0.74359	0.102564	-0.0357197	0	
0.769231	0.102564	-0.0472038	0	
0.794872	0.102564	-0.0585619	0	
0.820513	0.102564	-0.0699839	0	
0.846154	0.102564	-0.0817153	0	
0.871795	0.102564	-0.0940661	0	
0.897436	0.102564	-0.107422	0	
0.923077	0.102564	-0.122264	0	
0.948718	0.102564	-0.139187	0	
0.974359	0.102564	-0.158875	0	
1	0.102564	-0.181989	1	
0	0.128205	0.0803867	1	
0.025641	0.128205	0.0801354	0	
0.0512821	0.128205	0.0793743	0	
0.0769231	0.128205	0.0780766	0	
0.102564	0.128205	0.0762007	0	
0.128205	0.128205	0.0736859	0	
0.153846	0.128205	0.0704577	0	
0.179487	0.128205	0.0664273	0	
0.205128	0.128205	0.0615012	0	
0.230769	0.128205	0.0555885	0	
0.25641	0.128205	0.0486212	0	
0.282051	0.128205	0.040575	0	
0.307692	0.128205	0.0315006	0	
0.333333	0.128205	0.0215422	0	
0.358974	0.128205	0.0194398	0	
0.384615	0.128205	0.0177977	0	
0.410256	0.128205	0.0156586	0	
0.435897	0.128205	0.0131179	0	
0.461538	0.128205	0.0102771	0	
0.487179	0.128205	0.00723108	0	
0.512821	0.128205	0.00406851	0	
0.538462	0.128205	0.000872071	0	
0.564103	0.128205	-0.00227428	0	
0.589744	0.128205	-0.00528294	0	
0.615385	0.128205	-0.00805883	0	
0.641026	0.128205	-0.0105058	0	
0.666667	0.128205	-0.0125368	0	
0.692308	0.128205	-0.0154986	0	
0.717949	0.128205	-0.0305312	0	
0.74359	0.128205	-0.0450559	0	
0.769231	0.128205	-0.0591502	0	
0.794872	0.128205	-0.0729723	0	
0.820513	0.128205	-0.0867452	0	
0.846154	0.128205	-0.100747	0	
0.871795	0.128205	-0.1153	0	
0.897436	0.128205	-0.130779	0	
0.923077	0.128205	-0.147604	0	
0.948718	0.128205	-0.16624	0	
0.974359	0.128205	-0.187154	0	
1	0.128205	-0.210736	1	
0	0.153846	0.0976118	1	
0.025641	0.153846	0.0973291	0	
0.0512821	0.153846	0.0964696	0	
0.0769231	0.153846	0.0950031	0	
0.102564	0.153846	0.0928753	0	
0.128205	0.153846	0.0900111	0	
0.153846	0.153846	0.0863106	0	
0.179487	0.153846	0.0816542	0	
0.205128	0.153846	0.0759041	0	
0.230769	0.153846	0.0689188	0	
0.25641	0.153846	0.0605709	0	
0.282051	0.153846	0.0507867	0	
0.307692	0.153846	0.0395919	0	
0.333333	0.153846	0.0271675	0	
0.358974	0.153846	0.0245094	0	
0.384615	0.153846	0.0223995	0	
0.410256	0.153846	0.0196462	0	
0.435897	0.153846	0.0163951	0	
0.461538	0.153846	0.0127852	0	
0.487179	0.153846	0.0089386	0	
0.512821	0.153846	0.0049582	0	
0.538462	0.153846	0.000938231	0	
0.564103	0.153846	-0.00302754	0	
0.589744	0.153846	-0.00683272	0	
0.615385	0.153846	-0.0103545	0	
0.641026	0.153846	-0.0134533	0	
0.666667	0.153846	-0.0159931	0	
0.692308	0.153846	-0.0195922	0	
0.717949	0.153846	-0.0375915	0	
0.74359	0.153846	-0.0548215	0	
0.769231	0.153846	-0.0713689	0	
0.794872	0.153846	-0.0874304	0	
0.820513	0.153846	-0.103278	0	
0.846154	0.153846	-0.119224	0	
0.871795	0.153846	-0.13561	0	
0.897436	0.153846	-0.15279	0	
0.923077	0.153846	-0.171134	0	
0.948718	0.153846	-0.191012	0	
0.974359	0.153846	-0.212764	0	
1	0.153846	-0.236648	1	
0	0.179487	0.115405	1	
0.025641	0.179487	0.115099	0	
0.0512821	0.179487	0.114174	0	
0.0769231	0.179487	0.112591	0	
0.102564	0.179487	0.110288	0	
0.128205	0.179487	0.107173	0	
0.153846	0.179487	0.103121	0	
0.179487	0.179487	0.0979747	0	
0.205128	0.179487	0.091544	0	
0.230769	0.179487	0.0836115	0	
0.25641	0.179487	0.0739588	0	
0.282051	0.179487	0.0624087	0	
0.307692	0.179487	0.0489144	0	
0.333333	0.179487	0.0336705	0	
0.358974	0.179487	0.0303424	0	
0.384615	0.179487	0.0276446	0	
0.410256	0.179487	0.0241328	0	
0.435897	0.179487	0.0200308	0	
0.461538	0.179487	0.0155311	0	
0.487179	0.179487	0.0107797	0	
0.512821	0.179487	0.00588862	0	
0.538462	0.179487	0.000950012	0	
0.564103	0.179487	-0.00394024	0	
0.589744	0.179487	-0.00866608	0	
0.615385	0.179487	-0.0130719	0	
0.641026	0.179487	-0.0169601	0	
0.666667	0.179487	-0.0201076	0	
0.692308	0.179487	-0.0244042	0	
0.717949	0.179487	-0.0454198	0	
0.74359	0.179487	-0.0652698	0	
0.769231	0.179487	-0.0840719	0	
0.794872	0.179487	-0.102103	0	
0.820513	0.179487	-0.11971	0	
0.846154	0.179487	-0.137263	0	
0.871795	0.179487	-0.155122	0	
0.897436	0.179487	-0.173635	0	
0.923077	0.179487	-0.193129	0	
0.948718	0.179487	-0.213909	0	
0.974359	0.179487	-0.236242	0	
1	0.179487	-0.260327	1	
0	0.205128	0.133807	1	
0.025641	0.205128	0.133492	0	
0.0512821	0.205128	0.132535	0	
0.0769231	0.205128	0.1309	0	
0.102564	0.205128	0.128514	0	
0.128205	0.205128	0.125272	0	
0.153846	0.205128	0.121026	0	
0.179487	0.205128	0.115582	0	
0.205128	0.205128	0.108685	0	
0.230769	0.205128	0.100026	0	
0.25641	0.205128	0.0892436	0	
0.282051	0.205128	0.0759766	0	
0.307692	0.205128	0.0599863	0	
0.333333	0.205128	0.0413992	0	
0.358974	0.205128	0.0371957	0	
0.384615	0.205128	0.033705	0	
0.410256	0.205128	0.0292095	0	
0.435897	0.205128	0.0240655	0	
0.461538	0.205128	0.0185284	0	
0.487179	0.205128	0.012762	0	
0.512821	0.205128	0.00686634	0	
0.538462	0.205128	0.000914736	0	
0.564103	0.205128	-0.00501755	0	
0.589744	0.205128	-0.0108181	0	
0.615385	0.205128	-0.0163072	0	
0.641026	0.205128	-0.0212062	0	
0.666667	0.205128	-0.0251449	0	
0.692308	0.205128	-0.030261	0	
0.717949	0.205128	-0.0544137	0	
0.74359	0.205128	-0.0767645	0	
0.769231	0.205128	-0.0975464	0	
0.794872	0.205128	-0.117196	0	
0.820513	0.205128	-0.136197	0	
0.846154	0.205128	-0.154994	0	
0.871795	0.205128	-0.173982	0	
0.897436	0.205128	-0.193498	0	
0.923077	0.205128	-0.213837	0	
0.948718	0.205128	-0.235251	0	
0.974359	0.205128	-0.257968	0	
1	0.205128	-0.282173	1	
0	0.230769	0.152843	1	
0.025641	0.230769	0.152527	0	
0.0512821	0.230769	0.151579	0	
0.0769231	0.230769	0.149959	0	
0.102564	0.230769	0.147597	0	
0.128205	0.230769	0.144376	0	
0.153846	0.230769	0.140133	0	
0.179487	0.230769	0.134641	0	
0.205128	0.230769	0.127591	0	
0.230769	0.230769	0.118565	0	
0.25641	0.230769	0.107015	0	
0.282051	0.230769	0.0922676	0	
0.307692	0.230769	0.0736569	0	
0.333333	0.230769	0.0509407	0	
0.358974	0.230769	0.0454373	0	
0.384615	0.230769	0.0407698	0	
0.410256	0.230769	0.0349364	0	
0.435897	0.230769	0.0284931	0	
0.461538	0.230769	0.0217563	0	
0.487179	0.230769	0.0148733	0	
0.512821	0.230769	0.00790148	0	
0.538462	0.230769	0.000859914	0	
0.564103	0.230769	-0.00622512	0	
0.589744	0.230769	-0.0132817	0	
0.615385	0.230769	-0.0201313	0	
0.641026	0.230769	-0.0264126	0	
0.666667	0.230769	-0.0315042	0	
0.692308	0.230769	-0.0377123	0	
0.717949	0.230769	-0.0652077	0	
0.74359	0.230769	-0.0898283	0	
0.769231	0.230769	-0.112151	0	
0.794872	0.230769	-0.13294	0	
0.820513	0.230769	-0.152884	0	
0.846154	0.230769	-0.172534	0	
0.871795	0.230769	-0.192311	0	
0.897436	0.230769	-0.212539	0	
0.923077	0.230769	-0.233466	0	
0.948718	0.230769	-0.255292	0	
0.974359	0.230769	-0.278203	0	
1	0.230769	-0.302428	1	
0	0.25641	0.17251	1	
0.025641	0.25641	0.172198	0	
0.0512821	0.25641	0.171292	0	
0.0769231	0.25641	0.169765	0	
0.102564	0.25641	0.16754	0	
0.128205	0.25641	0.164504	0	
0.153846	0.25641	0.160489	0	
0.179487	0.25641	0.15526	0	
0.205128	0.25641	0.148473	0	
0.230769	0.25641	0.139631	0	
0.25641	0.25641	0.127983	0	
0.282051	0.25641	0.112424	0	
0.307692	0.25641	0.0914325	0	
0.333333	0.25641	0.0635055	0	
0.358974	0.25641	0.0556087	0	
0.384615	0.25641	0.0490025	0	
0.410256	0.25641	0.0412729	0	
0.435897	0.25641	0.0332158	0	
0.461538	0.25641	0.0251303	0	
0.487179	0.25641	0.0170751	0	
0.512821	0.25641	0.00900611	0	
0.538462	0.25641	0.000850174	0	
0.564103	0.25641	-0.00746141	0	
0.589744	0.25641	-0.0159506	0	
0.615385	0.25641	-0.0245238	0	
0.641026	0.25641	-0.032807	0	
0.666667	0.25641	-0.0398369	0	
0.692308	0.25641	-0.0478211	0	
0.717949	0.25641	-0.0788769	0	
0.74359	0.25641	-0.105188	0	
0.769231	0.25641	-0.128288	0	
0.794872	0.25641	-0.149527	0	
0.820513	0.25641	-0.169865	0	
0.846154	0.25641	-0.189944	0	
0.871795	0.25641	-0.210189	0	
0.897436	0.25641	-0.230879	0	
0.923077	0.25641	-0.252196	0	
0.948718	0.25641	-0.274245	0	
0.974359	0.25641	-0.297126	0	
1	0.25641	-0.32113	1	
0	0.282051	0.192804	1	
0.025641	0.282051	0.192462	0	
0.0512821	0.282051	0.191631	0	
0.0769231	0.282051	0.190268	0	
0.102564	0.282051	0.188297	0	
0.128205	0.282051	0.185611	0	
0.153846	0.282051	0.182062	0	
0.179487	0.282051	0.177435	0	
0.205128	0.282051	0.171415	0	
0.230769	0.282051	0.163501	0	
0.25641	0.282051	0.152865	0	
0.282051	0.282051	0.138014	0	
0.307692	0.282051	0.116146	0	
0.333333	0.282051	0.0822719	0	
0.358974	0.282051	0.0684444	0	
0.384615	0.282051	0.0583582	0	
0.410256	0.282051	0.0479389	0	
0.435897	0.282051	0.0379665	0	
0.461538	0.282051	0.0284759	0	
0.487179	0.282051	0.0192904	0	
0.512821	0.282051	0.0101994	0	
0.538462	0.282051	0.000995815	0	
0.564103	0.282051	-0.00851834	0	
0.589744	0.282051	-0.0185356	0	
0.615385	0.282051	-0.0292045	0	
0.641026	0.282051	-0.0404551	0	
0.666667	0.282051	-0.0512717	0	
0.692308	0.282051	-0.0630732	0	
0.717949	0.282051	-0.0972884	0	
0.74359	0.282051	-0.123759	0	
0.769231	0.282051	-0.146284	0	
0.794872	0.282051	-0.167014	0	
0.820513	0.282051	-0.187104	0	
0.846154	0.282051	-0.207187	0	
0.871795	0.282051	-0.227618	0	
0.897436	0.282051	-0.248594	0	
0.923077	0.282051	-0.270191	0	
0.948718	0.282051	-0.292367	0	
0.974359	0.282051	-0.31492	0	
1	0.282051	-0.337841	1	
0	0.307692	0.213782	1	
0.025641	0.307692	0.213221	0	
0.0512821	0.307692	0.2125	0	
0.0769231	0.307692	0.211381	0	
0.102564	0.307692	0.20977	0	
0.128205	0.307692	0.207584	0	
0.153846	0.307692	0.204713	0	
0.179487	0.307692	0.201008	0	
0.205128	0.307692	0.196249	0	
0.230769	0.307692	0.190097	0	
0.25641	0.307692	0.181963	0	
0.282051	0.307692	0.170624	0	
0.307692	0.307692	0.152864	0	
0.333333	0.307692	0.117912	0	
0.358974	0.307692	0.0841986	0	
0.384615	0.307692	0.0680491	0	
0.410256	0.307692	0.0541577	0	
0.435897	0.307692	0.0422373	0	
0.461538	0.307692	0.0315162	0	
0.487179	0.307692	0.0214128	0	
0.512821	0.307692	0.0115052	0	
0.538462	0.307692	0.00145386	0	
0.564103	0.307692	-0.00907247	0	
0.589744	0.307692	-0.0204671	0	
0.615385	0.307692	-0.0333036	0	
0.641026	0.307692	-0.0485352	0	
0.666667	0.307692	-0.0677958	0	
0.692308	0.307692	-0.0905998	0	
0.717949	0.307692	-0.123444	0	
0.74359	0.307692	-0.146273	0	
0.769231	0.307692	-0.166074	0	
0.794872	0.307692	-0.185139	0	
0.820513	0.307692	-0.204349	0	
0.846154	0.307692	-0.224079	0	
0.871795	0.307692	-0.244502	0	
0.897436	0.307692	-0.265682	0	
0.923077	0.307692	-0.287609	0	
0.948718	0.307692	-0.310106	0	
0.974359	0.307692	-0.332348	0	
1	0.307692	-0.350391	1	
0	0.333333	0.217181	1	
0.025641	0.333333	0.217067	0	
0.0512821	0.333333	0.216477	0	
0.0769231	0.333333	0.215444	0	
0.102564	0.333333	0.213938	0	
0.128205	0.333333	0.21189	0	
0.153846	0.333333	0.209212	0	
0.179487	0.333333	0.205774	0	
0.205128	0.333333	0.201399	0	
0.230769	0.333333	0.195834	0	
0.25641	0.333333	0.188712	0	
0.282051	0.333333	0.179472	0	
0.307692	0.333333	0.167356	0	
0.333333	0.333333	0.152056	0	
0.358974	0.333333	0.118284	0	
0.384615	0.333333	0.0821786	0	
0.410256	0.333333	0.0624218	0	
0.435897	0.333333	0.0481487	0	
0.461538	0.333333	0.0360922	0	
0.487179	0.333333	0.0249688	0	
0.512821	0.333333	0.0141042	0	
0.538462	0.333333	0.00302037	0	
0.564103	0.333333	-0.00873521	0	
0.589744	0.333333	-0.0217507	0	
0.615385	0.333333	-0.0370521	0	
0.641026	0.333333	-0.0569999	0	
0.666667	0.333333	-0.088442	0	
0.692308	0.333333	-0.111505	0	
0.717949	0.333333	-0.132751	0	
0.74359	0.333333	-0.151744	0	
0.769231	0.333333	-0.170005	0	
0.794872	0.333333	-0.188369	0	
0.820513	0.333333	-0.207246	0	
0.846154	0.333333	-0.226836	0	
0.871795	0.333333	-0.247226	0	
0.897436	0.333333	-0.26845	0	
0.923077	0.333333	-0.290515	0	
0.948718	0.333333	-0.313447	0	
0.974359	0.333333	-0.337423	0	
1	0.333333	-0.363582	1	
0	0.358974	0.219755	1	
0.025641	0.358974	0.219591	0	
0.0512821	0.358974	0.21904	0	
0.0769231	0.358974	0.218085	0	
0.102564	0.358974	0.216689	0	
0.128205	0.358974	0.214798	0	
0.153846	0.358974	0.212333	0	
0.179487	0.358974	0.209193	0	
0.205128	0.358974	0.205242	0	
0.230769	0.358974	0.200317	0	
0.25641	0.358974	0.194222	0	
0.282051	0.358974	0.186787	0	
0.307692	0.358974	0.178032	0	
0.333333	0.358974	0.16872	0	
0.358974	0.358974	0.15489	0	
0.384615	0.358974	0.119027	0	
0.410256	0.358974	0.0941643	0	
0.435897	0.358974	0.0751259	0	
0.461538	0.358974	0.0589263	0	
0.487179	0.358974	0.0438855	0	
0.512821	0.358974	0.0289466	0	
0.538462	0.358974	0.0133212	0	
0.564103	0.358974	-0.00373126	0	
0.589744	0.358974	-0.02309	0	
0.615385	0.358974	-0.0460536	0	
0.641026	0.358974	-0.0748132	0	
0.666667	0.358974	-0.113118	0	
0.692308	0.358974	-0.126464	0	
0.717949	0.358974	-0.139786	0	
0.74359	0.358974	-0.15537	0	
0.769231	0.358974	-0.172081	0	
0.794872	0.358974	-0.189706	0	
0.820513	0.358974	-0.208233	0	
0.846154	0.358974	-0.22767	0	
0.871795	0.358974	-0.248015	0	
0.897436	0.358974	-0.269253	0	
0.923077	0.358974	-0.291377	0	
0.948718	0.358974	-0.314394	0	
0.974359	0.358974	-0.33836	0	
1	0.358974	-0.363325	1	
0	0.384615	0.22266	1	
0.025641	0.384615	0.222502	0	
0.0512821	0.384615	0.222012	0	
0.0769231	0.384615	0.221167	0	
0.102564	0.384615	0.219939	0	
0.128205	0.384615	0.21828	0	
0.153846	0.384615	0.216134	0	
0.179487	0.384615	0.213423	0	
0.205128	0.384615	0.210065	0	
0.230769	0.384615	0.205969	0	
0.25641	0.384615	0.201078	0	
0.282051	0.384615	0.19542	0	
0.307692	0.384615	0.189268	0	
0.333333	0.384615	0.183378	0	
0.358974	0.384615	0.175418	0	
0.384615	0.384615	0.144873	0	
0.410256	0.384615	0.120086	0	
0.435897	0.384615	0.0992641	0	
0.461538	0.384615	0.0806042	0	
0.487179	0.384615	0.0626998	0	
0.512821	0.384615	0.044478	0	
0.538462	0.384615	0.0250489	0	
0.564103	0.384615	0.00358145	0	
0.589744	0.384615	-0.0208246	0	
0.615385	0.384615	-0.0492564	0	
0.641026	0.384615	-0.0830817	0	
0.666667	0.384615	-0.123751	0	
0.692308	0.384615	-0.134387	0	
0.717949	0.384615	-0.144554	0	
0.74359	0.384615	-0.15787	0	
0.769231	0.384615	-0.17324	0	
0.794872	0.384615	-0.19014	0	
0.820513	0.384615	-0.208307	0	
0.846154	0.384615	-0.227595	0	
0.871795	0.384615	-0.247906	0	
0.897436	0.384615	-0.269172	0	
0.923077	0.384615	-0.291343	0	
0.948718	0.384615	-0.314391	0	
0.974359	0.384615	-0.338294	0	
1	0.384615	-0.362999	1	
0	0.410256	0.225882	1	
0.025641	0.410256	0.225748	0	
0.0512821	0.410256	0.225337	0	
0.0769231	0.410256	0.224636	0	
0.102564	0.410256	0.223619	0	
0.128205	0.410256	0.222254	0	
0.153846	0.410256	0.220498	0	
0.179487	0.410256	0.218305	0	
0.205128	0.410256	0.215624	0	
0.230769	0.410256	0.212421	0	
0.25641	0.410256	0.208699	0	
0.282051	0.410256	0.204553	0	
0.307692	0.410256	0.20024	0	
0.333333	0.410256	0.196263	0	
0.358974	0.410256	0.19065	0	
0.384615	0.410256	0.164966	0	
0.410256	0.410256	0.14204	0	
0.435897	0.410256	0.121244	0	
0.461538	0.410256	0.101526	0	
0.487179	0.410256	0.0818345	0	
0.512821	0.410256	0.0612164	0	
0.538462	0.410256	0.0388178	0	
0.564103	0.410256	0.0138324	0	
0.589744	0.410256	-0.0145305	0	
0.615385	0.410256	-0.0470661	0	
0.641026	0.410256	-0.0845022	0	
0.666667	0.410256	-0.127255	0	
0.692308	0.410256	-0.137226	0	
0.717949	0.410256	-0.146175	0	
0.74359	0.410256	-0.158313	0	
0.769231	0.410256	-0.172869	0	
0.794872	0.410256	-0.189303	0	
0.820513	0.410256	-0.20726	0	
0.846154	0.410256	-0.226495	0	
0.871795	0.410256	-0.246843	0	
0.897436	0.410256	-0.268182	0	
0.923077	0.410256	-0.290431	0	
0.948718	0.410256	-0.313528	0	
0.974359	0.410256	-0.337428	0	
1	0.410256	-0.362079	1	
0	0.435897	0.229376	1	
0.025641	0.435897	0.229271	0	
0.0512821	0.435897	0.228958	0	
0.0769231	0.435897	0.228422	0	
0.102564	0.435897	0.22765	0	
0.128205	0.435897	0.226619	0	
0.153846	0.435897	0.225304	0	
0.179487	0.435897	0.223675	0	
0.205128	0.435897	0.221709	0	
0.230769	0.435897	0.219392	0	
0.25641	0.435897	0.216748	0	
0.282051	0.435897	0.213853	0	
0.307692	0.435897	0.210881	0	
0.333333	0.435897	0.208098	0	
0.358974	0.435897	0.203814	0	
0.384615	0.435897	0.182301	0	
0.410256	0.435897	0.161868	0	
0.435897	0.435897	0.142145	0	
0.461538	0.435897	0.122426	0	
0.487179	0.435897	0.101895	0	
0.512821	0.435897	0.0797387	0	
0.538462	0.435897	0.0551731	0	
0.564103	0.435897	0.0274641	0	
0.589744	0.435897	-0.00406418	0	
0.615385	0.435897	-0.0399716	0	
0.641026	0.435897	-0.0806066	0	
0.666667	0.435897	-0.125919	0	
0.692308	0.435897	-0.135988	0	
0.717949	0.435897	-0.144604	0	
0.74359	0.435897	-0.156338	0	
0.769231	0.435897	-0.170616	0	
0.794872	0.435897	-0.186944	0	
0.820513	0.435897	-0.204929	0	
0.846154	0.435897	-0.224282	0	
0.871795	0.435897	-0.244784	0	
0.897436	0.435897	-0.266284	0	
0.923077	0.435897	-0.288668	0	
0.948718	0.435897	-0.311861	0	
0.974359	0.435897	-0.335805	0	
1	0.435897	-0.360462	1	
0	0.461538	0.233077	1	
0.025641	0.461538	0.233009	0	
0.0512821	0.461538	0.2328	0	
0.0769231	0.461538	0.232448	0	
0.102564	0.461538	0.231941	0	
0.128205	0.461538	0.231272	0	
0.153846	0.461538	0.230424	0	
0.179487	0.461538	0.229386	0	
0.205128	0.461538	0.228144	0	
0.230769	0.461538	0.226695	0	
0.25641	0.461538	0.225046	0	
0.282051	0.461538	0.223235	0	
0.307692	0.461538	0.221331	0	
0.333333	0.461538	0.219437	0	
0.358974	0.461538	0.216159	0	
0.384615	0.461538	0.198559	0	
0.410256	0.461538	0.180988	0	
0.435897	0.461538	0.163044	0	
0.461538	0.461538	0.144136	0	
0.487179	0.461538	0.123585	0	
0.512821	0.461538	0.10067	0	
0.538462	0.461538	0.0746755	0	
0.564103	0.461538	0.0449144	0	
0.589744	0.461538	0.0107851	0	
0.615385	0.461538	-0.0281501	0	
0.641026	0.461538	-0.0720294	0	
0.666667	0.461538	-0.120559	0	
0.692308	0.461538	-0.131124	0	
0.717949	0.461538	-0.139917	0	
0.74359	0.461538	-0.151813	0	
0.769231	0.461538	-0.166313	0	
0.794872	0.461538	-0.182923	0	
0.820513	0.461538	-0.201233	0	
0.846154	0.461538	-0.220915	0	
0.871795	0.461538	-0.241729	0	
0.897436	0.461538	-0.263496	0	
0.923077	0.461538	-0.286096	0	
0.948718	0.461538	-0.30944	0	
0.974359	0.461538	-0.333471	0	
1	0.461538	-0.358153	1	
0	0.487179	0.236919	1	
0.025641	0.487179	0.236887	0	
0.0512821	0.487179	0.23679	0	
0.0769231	0.487179	0.236627	0	
0.102564	0.487179	0.236399	0	
0.128205	0.487179	0.236102	0	
0.153846	0.487179	0.235738	0	
0.179487	0.487179	0.235302	0	
0.205128	0.487179	0.234791	0	
0.230769	0.487179	0.234197	0	
0.25641	0.487179	0.233511	0	
0.282051	0.487179	0.232711	0	
0.307692	0.487179	0.231775	0	
0.333333	0.487179	0.230668	0	
0.358974	0.487179	0.228336	0	
0.384615	0.487179	0.214788	0	
0.410256	0.487179	0.200484	0	
0.435897	0.487179	0.184906	0	
0.461538	0.487179	0.167495	0	
0.487179	0.487179	0.147638	0	
0.512821	0.487179	0.124684	0	
0.538462	0.487179	0.0979444	0	
0.564103	0.487179	0.066737	0	
0.589744	0.487179	0.0304396	0	
0.615385	0.487179	-0.0113803	0	
0.641026	0.487179	-0.0588029	0	
0.666667	0.487179	-0.11136	0	
0.692308	0.487179	-0.122754	0	
0.717949	0.487179	-0.13212	0	
0.74359	0.487179	-0.144687	0	
0.769231	0.487179	-0.159894	0	
0.794872	0.487179	-0.177203	0	
0.820513	0.487179	-0.19616	0	
0.846154	0.487179	-0.216417	0	
0.871795	0.487179	-0.237715	0	
0.897436	0.487179	-0.259877	0	
0.923077	0.487179	-0.282776	0	
0.948718	0.487179	-0.30633	0	
0.974359	0.487179	-0.330484	0	
1	0.487179	-0.355206	1	
0	0.512821	0.240827	1	
0.025641	0.512821	0.240832	0	
0.0512821	0.512821	0.240846	0	
0.0769231	0.512821	0.240876	0	
0.102564	0.512821	0.240925	0	
0.128205	0.512821	0.241005	0	
0.153846	0.512821	0.241124	0	
0.179487	0.512821	0.241296	0	
0.205128	0.512821	0.241521	0	
0.230769	0.512821	0.241797	0	
0.25641	0.512821	0.242087	0	
0.282051	0.512821	0.242326	0	
0.307692	0.512821	0.242389	0	
0.333333	0.512821	0.242111	0	
0.358974	0.512821	0.2408	0	
0.384615	0.512821	0.231779	0	
0.410256	0.512821	0.221253	0	
0.435897	0.512821	0.208606	0	
0.461538	0.512821	0.193299	0	
0.487179	0.512821	0.174793	0	
0.512821	0.512821	0.152482	0	
0.538462	0.512821	0.125686	0	
0.564103	0.512821	0.0936492	0	
0.589744	0.512821	0.055621	0	
0.615385	0.512821	0.0109917	0	
0.641026	0.512821	-0.0404376	0	
0.666667	0.512821	-0.098117	0	
0.692308	0.512821	-0.110733	0	
0.717949	0.512821	-0.121124	0	
0.74359	0.512821	-0.134917	0	
0.769231	0.512821	-0.151373	0	
0.794872	0.512821	-0.169832	0	
0.820513	0.512821	-0.189787	0	
0.846154	0.512821	-0.210872	0	
0.871795	0.512821	-0.232838	0	
0.897436	0.512821	-0.255516	0	
0.923077	0.512821	-0.2788	0	
0.948718	0.512821	-0.302618	0	
0.974359	0.512821	-0.326927	0	
1	0.512821	-0.3517	1	
0	0.538462	0.244729	1	
0.025641	0.538462	0.244769	0	
0.0512821	0.538462	0.244892	0	
0.0769231	0.538462	0.245105	0	
0.102564	0.538462	0.245424	0	
0.128205	0.538462	0.245867	0	
0.153846	0.538462	0.246463	0	
0.179487	0.538462	0.247234	0	
0.205128	0.538462	0.248207	0	
0.230769	0.538462	0.24938	0	
0.25641	0.538462	0.250721	0	
0.282051	0.538462	0.252117	0	
0.307692	0.538462	0.253351	0	
0.333333	0.538462	0.254072	0	
0.358974	0.538462	0.253994	0	
0.384615	0.538462	0.250274	0	
0.410256	0.538462	0.244146	0	
0.435897	0.538462	0.234966	0	
0.461538	0.538462	0.222307	0	
0.487179	0.538462	0.205751	0	
0.512821	0.538462	0.18477	0	
0.538462	0.538462	0.158667	0	
0.564103	0.538462	0.126557	0	
0.589744	0.538462	0.0874029	0	
0.615385	0.538462	0.0401682	0	
0.641026	0.538462	-0.015823	0	
0.666667	0.538462	-0.0801849	0	
0.692308	0.538462	-0.0946516	0	
0.717949	0.538462	-0.106721	0	
0.74359	0.538462	-0.122486	0	
0.769231	0.538462	-0.140844	0	
0.794872	0.538462	-0.160963	0	
0.820513	0.538462	-0.182281	0	
0.846154	0.538462	-0.204447	0	
0.871795	0.538462	-0.227245	0	
0.897436	0.538462	-0.25055	0	
0.923077	0.538462	-0.274287	0	
0.948718	0.538462	-0.298414	0	
0.974359	0.538462	-0.322904	0	
1	0.538462	-0.347738	1	
0	0.564103	0.248551	1	
0.025641	0.564103	0.248626	0	
0.0512821	0.564103	0.248848	0	
0.0769231	0.564103	0.249232	0	
0.102564	0.564103	0.249798	0	
0.128205	0.564103	0.250582	0	
0.153846	0.564103	0.251624	0	
0.179487	0.564103	0.252978	0	
0.205128	0.564103	0.25469	0	
0.230769	0.564103	0.256801	0	
0.25641	0.564103	0.259299	0	
0.282051	0.564103	0.262076	0	
0.307692	0.564103	0.264823	0	
0.333333	0.564103	0.266938	0	
0.358974	0.564103	0.268505	0	
0.384615	0.564103	0.271183	0	
0.410256	0.564103	0.270091	0	
0.435897	0.564103	0.264808	0	
0.461538	0.564103	0.255214	0	
0.487179	0.564103	0.241137	0	
0.512821	0.564103	0.222182	0	
0.538462	0.564103	0.197659	0	
0.564103	0.564103	0.16651	0	
0.589744	0.564103	0.12727	0	
0.615385	0.564103	0.0781006	0	
0.641026	0.564103	0.0171669	0	
0.666667	0.564103	-0.0561714	0	
0.692308	0.564103	-0.0737272	0	
0.717949	0.564103	-0.0886228	0	
0.74359	0.564103	-0.107457	0	
0.769231	0.564103	-0.128554	0	
0.794872	0.564103	-0.150892	0	
0.820513	0.564103	-0.173928	0	
0.846154	0.564103	-0.197386	0	
0.871795	0.564103	-0.221144	0	
0.897436	0.564103	-0.245147	0	
0.923077	0.564103	-0.269382	0	
0.948718	0.564103	-0.293845	0	
0.974359	0.564103	-0.318536	0	
1	0.564103	-0.343441	1	
0	0.589744	0.252227	1	
0.025641	0.589744	0.252335	0	
0.0512821	0.589744	0.252648	0	
0.0769231	0.589744	0.253177	0	
0.102564	0.589744	0.253959	0	
0.128205	0.589744	0.255037	0	
0.153846	0.589744	0.256479	0	
0.179487	0.589744	0.258362	0	
0.205128	0.589744	0.260781	0	
0.230769	0.589744	0.263834	0	
0.25641	0.589744	0.267602	0	
0.282051	0.589744	0.272064	0	
0.307692	0.589744	0.276931	0	
0.333333	0.589744	0.281279	0	
0.358974	0.589744	0.285395	0	
0.384615	0.589744	0.295861	0	
0.410256	0.589744	0.300233	0	
0.435897	0.589744	0.298961	0	
0.461538	0.589744	0.292607	0	
0.487179	0.589744	0.2814	0	
0.512821	0.589744	0.265166	0	
0.538462	0.589744	0.243277	0	
0.564103	0.589744	0.214557	0	
0.589744	0.589744	0.177065	0	
0.615385	0.589744	0.127803	0	
0.641026	0.589744	0.0625608	0	
0.666667	0.589744	-0.0228648	0	
0.692308	0.589744	-0.0466388	0	
0.717949	0.589744	-0.0665811	0	
0.74359	0.589744	-0.0901669	0	
0.769231	0.589744	-0.115017	0	
0.794872	0.589744	-0.140125	0	
0.820513	0.589744	-0.165148	0	
0.846154	0.589744	-0.190026	0	
0.871795	0.589744	-0.214793	0	
0.897436	0.589744	-0.239514	0	
0.923077	0.589744	-0.264246	0	
0.948718	0.589744	-0.289047	0	
0.974359	0.589744	-0.31395	0	
1	0.589744	-0.338954	1	
0	0.615385	0.255686	1	
0.025641	0.615385	0.255845	0	
0.0512821	0.615385	0.256231	0	
0.0769231	0.615385	0.256875	0	
0.102564	0.615385	0.257821	0	
0.128205	0.615385	0.259134	0	
0.153846	0.615385	0.260894	0	
0.179487	0.615385	0.263213	0	
0.205128	0.615385	0.266237	0	
0.230769	0.615385	0.270158	0	
0.25641	0.615385	0.275211	0	
0.282051	0.615385	0.281651	0	
0.307692	0.615385	0.289558	0	
0.333333	0.615385	0.298078	0	
0.358974	0.615385	0.307152	0	
0.384615	0.615385	0.326639	0	
0.410256	0.615385	0.336018	0	
0.435897	0.615385	0.338202	0	
0.461538	0.615385	0.334853	0	
0.487179	0.615385	0.326695	0	
0.512821	0.615385	0.313805	0	
0.538462	0.615385	0.295731	0	
0.564103	0.615385	0.271377	0	
0.589744	0.615385	0.238636	0	
0.615385	0.615385	0.193483	0	
0.641026	0.615385	0.128143	0	
0.666667	0.615385	0.0285737	0	
0.692308	0.615385	-0.0114675	0	
0.717949	0.615385	-0.0408965	0	
0.74359	0.615385	-0.0716074	0	
0.769231	0.615385	-0.101223	0	
0.794872	0.615385	-0.129437	0	
0.820513	0.615385	-0.156513	0	
0.846154	0.615385	-0.182772	0	
0.871795	0.615385	-0.208489	0	
0.897436	0.615385	-0.233863	0	
0.923077	0.615385	-0.259043	0	
0.948718	0.615385	-0.284141	0	
0.974359	0.615385	-0.309262	0	
1	0.615385	-0.334473	1	
0	0.641026	0.258831	1	
0.025641	0.641026	0.259128	0	
0.0512821	0.641026	0.259561	0	
0.0769231	0.641026	0.26027	0	
0.102564	0.641026	0.261322	0	
0.128205	0.641026	0.262783	0	
0.153846	0.641026	0.264753	0	
0.179487	0.641026	0.26736	0	
0.205128	0.641026	0.2708	0	
0.230769	0.641026	0.275349	0	
0.25641	0.641026	0.281438	0	
0.282051	0.641026	0.28977	0	
0.307692	0.641026	0.301578	0	
0.333333	0.641026	0.319026	0	
0.358974	0.641026	0.341086	0	
0.384615	0.641026	0.367522	0	
0.410256	0.641026	0.379005	0	
0.435897	0.641026	0.382974	0	
0.461538	0.641026	0.381914	0	
0.487179	0.641026	0.376722	0	
0.512821	0.641026	0.367633	0	
0.538462	0.641026	0.354463	0	
0.564103	0.641026	0.336588	0	
0.589744	0.641026	0.312619	0	
0.615385	0.641026	0.279356	0	
0.641026	0.641026	0.227955	0	
0.666667	0.641026	0.128281	0	
0.692308	0.641026	0.0324166	0	
0.717949	0.641026	-0.0139249	0	
0.74359	0.641026	-0.0541443	0	
0.769231	0.641026	-0.0888246	0	
0.794872	0.641026	-0.11989	0	
0.820513	0.641026	-0.148689	0	
0.846154	0.641026	-0.176062	0	
0.871795	0.641026	-0.202524	0	
0.897436	0.641026	-0.228406	0	
0.923077	0.641026	-0.253918	0	
0.948718	0.641026	-0.279213	0	
0.974359	0.641026	-0.30448	0	
1	0.641026	-0.330413	1	
0	0.666667	0.265431	1	
0.025641	0.666667	0.264895	0	
0.0512821	0.666667	0.265185	0	
0.0769231	0.666667	0.265919	0	
0.102564	0.666667	0.267053	0	
0.128205	0.666667	0.268642	0	
0.153846	0.666667	0.270781	0	
0.179487	0.666667	0.273622	0	
0.205128	0.666667	0.277384	0	
0.230769	0.666667	0.282412	0	
0.25641	0.666667	0.289291	0	
0.282051	0.666667	0.299169	0	
0.307692	0.666667	0.314715	0	
0.333333	0.666667	0.343598	0	
0.358974	0.666667	0.365822	0	
0.384615	0.666667	0.381754	0	
0.410256	0.666667	0.390237	0	
0.435897	0.666667	0.393402	0	
0.461538	0.666667	0.392349	0	
0.487179	0.666667	0.387591	0	
0.512821	0.666667	0.379275	0	
0.538462	0.666667	0.367284	0	
0.564103	0.666667	0.351214	0	
0.589744	0.666667	0.330299	0	
0.615385	0.666667	0.303214	0	
0.641026	0.666667	0.268048	0	
0.666667	0.666667	0.224165	0	
0.692308	0.666667	0.12829	0	
0.717949	0.666667	0.0256516	0	
0.74359	0.666667	-0.0309462	0	
0.769231	0.666667	-0.0718704	0	
0.794872	0.666667	-0.106026	0	
0.820513	0.666667	-0.136669	0	
0.846154	0.666667	-0.165262	0	
0.871795	0.666667	-0.192576	0	
0.897436	0.666667	-0.21905	0	
0.923077	0.666667	-0.244934	0	
0.948718	0.666667	-0.270291	0	
0.974359	0.666667	-0.294758	0	
1	0.666667	-0.316158	1	
0	0.692308	0.294522	1	
0.025641	0.692308	0.294547	0	
0.0512821	0.692308	0.295029	0	
0.0769231	0.692308	0.295988	0	
0.102564	0.692308	0.297451	0	
0.128205	0.692308	0.299482	0	
0.153846	0.692308	0.302195	0	
0.179487	0.692308	0.30576	0	
0.205128	0.692308	0.310438	0	
0.230769	0.692308	0.316633	0	
0.25641	0.692308	0.325007	0	
0.282051	0.692308	0.336684	0	
0.307692	0.692308	0.353643	0	
0.333333	0.692308	0.379052	0	
0.358974	0.692308	0.388569	0	
0.384615	0.692308	0.395913	0	
0.410256	0.692308	0.400939	0	
0.435897	0.692308	0.402723	0	
0.461538	0.692308	0.401243	0	
0.487179	0.692308	0.396593	0	
0.512821	0.692308	0.388807	0	
0.538462	0.692308	0.377801	0	
0.564103	0.692308	0.363383	0	
0.589744	0.692308	0.345266	0	
0.615385	0.692308	0.323208	0	
0.641026	0.692308	0.297508	0	
0.666667	0.692308	0.270525	0	
0.692308	0.692308	0.230926	0	
0.717949	0.692308	0.128235	0	
0.74359	0.692308	0.0574576	0	
0.769231	0.692308	0.00446922	0	
0.794872	0.692308	-0.0385537	0	
0.820513	0.692308	-0.0756693	0	
0.846154	0.692308	-0.109058	0	
0.871795	0.692308	-0.139948	0	
0.897436	0.692308	-0.169065	0	
0.923077	0.692308	-0.196827	0	
0.948718	0.692308	-0.223443	0	
0.974359	0.692308	-0.248938	0	
1	0.692308	-0.273381	1	
0	0.717949	0.323564	1	
0.025641	0.717949	0.323748	0	
0.0512821	0.717949	0.324394	0	
0.0769231	0.717949	0.325557	0	
0.102564	0.717949	0.327282	0	
0.128205	0.717949	0.329646	0	
0.153846	0.717949	0.332758	0	
0.179487	0.717949	0.336788	0	
0.205128	0.717949	0.341976	0	
0.230769	0.717949	0.34868	0	
0.25641	0.717949	0.357417	0	
0.282051	0.717949	0.368923	0	
0.307692	0.717949	0.384121	0	
0.333333	0.717949	0.403738	0	
0.358974	0.717949	0.408831	0	
0.384615	0.717949	0.412397	0	
0.410256	0.717949	0.414884	0	
0.435897	0.717949	0.415312	0	
0.461538	0.717949	0.413305	0	
0.487179	0.717949	0.408737	0	
0.512821	0.717949	0.401558	0	
0.538462	0.717949	0.391735	0	
0.564103	0.717949	0.379251	0	
0.589744	0.717949	0.364178	0	
0.615385	0.717949	0.346846	0	
0.641026	0.717949	0.328255	0	
0.666667	0.717949	0.310764	0	
0.692308	0.717949	0.287526	0	
0.717949	0.717949	0.198906	0	
0.74359	0.717949	0.128077	0	
0.769231	0.717949	0.0708428	0	
0.794872	0.717949	0.0230158	0	
0.820513	0.717949	-0.0183972	0	
0.846154	0.717949	-0.0553486	0	
0.871795	0.717949	-0.0890938	0	
0.897436	0.717949	-0.12043	0	
0.923077	0.717949	-0.149866	0	
0.948718	0.717949	-0.177711	0	
0.974359	0.717949	-0.20417	0	
1	0.717949	-0.229485	1	
0	0.74359	0.352242	1	
0.025641	0.74359	0.352485	0	
0.0512821	0.74359	0.353247	0	
0.0769231	0.74359	0.354562	0	
0.102564	0.74359	0.356479	0	
0.128205	0.74359	0.359061	0	
0.153846	0.74359	0.362409	0	
0.179487	0.74359	0.366657	0	
0.205128	0.74359	0.372002	0	
0.230769	0.74359	0.378695	0	
0.25641	0.74359	0.387065	0	
0.282051	0.74359	0.397469	0	
0.307692	0.74359	0.410186	0	
0.333333	0.74359	0.425064	0	
0.358974	0.74359	0.428201	0	
0.384615	0.74359	0.42996	0	
0.410256	0.74359	0.430891	0	
0.435897	0.74359	0.430338	0	
0.461538	0.74359	0.427933	0	
0.487179	0.74359	0.423493	0	
0.512821	0.74359	0.416957	0	
0.538462	0.74359	0.408331	0	
0.564103	0.74359	0.397714	0	
0.589744	0.74359	0.385347	0	
0.615385	0.74359	0.37175	0	
0.641026	0.74359	0.357903	0	
0.666667	0.74359	0.345466	0	
0.692308	0.74359	0.328449	0	
0.717949	0.74359	0.251792	0	
0.74359	0.74359	0.185101	0	
0.769231	0.74359	0.127814	0	
0.794872	0.74359	0.0781707	0	
0.820513	0.74359	0.0344183	0	
0.846154	0.74359	-0.00484594	0	
0.871795	0.74359	-0.0406434	0	
0.897436	0.74359	-0.0736961	0	
0.923077	0.74359	-0.104492	0	
0.948718	0.74359	-0.133365	0	
0.974359	0.74359	-0.160542	0	
1	0.74359	-0.186218	1	
0	0.769231	0.380433	1	
0.025641	0.769231	0.380709	0	
0.0512821	0.769231	0.381548	0	
0.0769231	0.769231	0.382971	0	
0.102564	0.769231	0.38501	0	
0.128205	0.769231	0.387716	0	
0.153846	0.769231	0.391157	0	
0.179487	0.769231	0.395436	0	
0.205128	0.769231	0.400678	0	
0.230769	0.769231	0.407039	0	
0.25641	0.769231	0.414676	0	
0.282051	0.769231	0.423707	0	
0.307692	0.769231	0.43409	0	
0.333333	0.769231	0.445449	0	
0.358974	0.769231	0.447529	0	
0.384615	0.769231	0.448355	0	
0.410256	0.769231	0.448383	0	
0.435897	0.769231	0.447221	0	
0.461538	0.769231	0.444593	0	
0.487179	0.769231	0.440352	0	
0.512821	0.769231	0.434446	0	
0.538462	0.769231	0.426922	0	
0.564103	0.769231	0.417926	0	
0.589744	0.769231	0.407753	0	
0.615385	0.769231	0.396901	0	
0.641026	0.769231	0.386148	0	
0.666667	0.769231	0.376546	0	
0.692308	0.769231	0.362603	0	
0.717949	0.769231	0.294713	0	
0.74359	0.769231	0.232726	0	
0.769231	0.769231	0.177142	0	
0.794872	0.769231	0.12744	0	
0.820513	0.769231	0.082745	0	
0.846154	0.769231	0.0421952	0	
0.871795	0.769231	0.00506141	0	
0.897436	0.769231	-0.0292135	0	
0.923077	0.769231	-0.061042	0	
0.948718	0.769231	-0.0907091	0	
0.974359	0.769231	-0.118417	0	
1	0.769231	-0.144297	1	
0	0.794872	0.408075	1	
0.025641	0.794872	0.408372	0	
0.0512821	0.794872	0.409268	0	
0.0769231	0.794872	0.410764	0	
0.102564	0.794872	0.412879	0	
0.128205	0.794872	0.415634	0	
0.153846	0.794872	0.419074	0	
0.179487	0.794872	0.423251	0	
0.205128	0.794872	0.42824	0	
0.230769	0.794872	0.434107	0	
0.25641	0.794872	0.4409	0	
0.282051	0.794872	0.448592	0	
0.307692	0.794872	0.457025	0	
0.333333	0.794872	0.465798	0	
0.358974	0.794872	0.467239	0	
0.384615	0.794872	0.467548	0	
0.410256	0.794872	0.46707	0	
0.435897	0.794872	0.46557	0	
0.461538	0.794872	0.462873	0	
0.487179	0.794872	0.458875	0	
0.512821	0.794872	0.453558	0	
0.538462	0.794872	0.446985	0	
0.564103	0.794872	0.439321	0	
0.589744	0.794872	0.430839	0	
0.615385	0.794872	0.421959	0	
0.641026	0.794872	0.413242	0	
0.666667	0.794872	0.405356	0	
0.692308	0.794872	0.393239	0	
0.717949	0.794872	0.331736	0	
0.74359	0.794872	0.273946	0	
0.769231	0.794872	0.220594	0	
0.794872	0.794872	0.171701	0	
0.820513	0.794872	0.126932	0	
0.846154	0.794872	0.0858198	0	
0.871795	0.794872	0.0479127	0	
0.897436	0.794872	0.0128218	0	
0.923077	0.794872	-0.0197479	0	
0.948718	0.794872	-0.0500132	0	
0.974359	0.794872	-0.0781138	0	
1	0.794872	-0.104138	1	
0	0.820513	0.435124	1	
0.025641	0.820513	0.435441	0	
0.0512821	0.820513	0.436385	0	
0.0769231	0.820513	0.437945	0	
0.102564	0.820513	0.440107	0	
0.128205	0.820513	0.442874	0	
0.153846	0.820513	0.446251	0	
0.179487	0.820513	0.450261	0	
0.205128	0.820513	0.454925	0	
0.230769	0.820513	0.460254	0	
0.25641	0.820513	0.466222	0	
0.282051	0.820513	0.472744	0	
0.307692	0.820513	0.479617	0	
0.333333	0.820513	0.486496	0	
0.358974	0.820513	0.487516	0	
0.384615	0.820513	0.487532	0	
0.410256	0.820513	0.486779	0	
0.435897	0.820513	0.485123	0	
0.461538	0.820513	0.482455	0	
0.487179	0.820513	0.478721	0	
0.512821	0.820513	0.473925	0	
0.538462	0.820513	0.468146	0	
0.564103	0.820513	0.461533	0	
0.589744	0.820513	0.454327	0	
0.615385	0.820513	0.446852	0	
0.641026	0.820513	0.439511	0	
0.666667	0.820513	0.432729	0	
0.692308	0.820513	0.421824	0	
0.717949	0.820513	0.365044	0	
0.74359	0.820513	0.310736	0	
0.769231	0.820513	0.259586	0	
0.794872	0.820513	0.211844	0	
0.820513	0.820513	0.167461	0	
0.846154	0.820513	0.126245	0	
0.871795	0.820513	0.0879471	0	
0.897436	0.820513	0.0523415	0	
0.923077	0.820513	0.0192412	0	
0.948718	0.820513	-0.0114767	0	
0.974359	0.820513	-0.0398879	0	
1	0.820513	-0.0660213	1	
0	0.846154	0.461542	1	
0.025641	0.846154	0.461884	0	
0.0512821	0.846154	0.462892	0	
0.0769231	0.846154	0.464523	0	
0.102564	0.846154	0.466737	0	
0.128205	0.846154	0.469501	0	
0.153846	0.846154	0.4728	0	
0.179487	0.846154	0.476618	0	
0.205128	0.846154	0.480949	0	
0.230769	0.846154	0.48576	0	
0.25641	0.846154	0.490997	0	
0.282051	0.846154	0.496543	0	
0.307692	0.846154	0.502209	0	
0.333333	0.846154	0.507698	0	
0.358974	0.846154	0.508441	0	
0.384615	0.846154	0.508286	0	
0.410256	0.846154	0.507395	0	
0.435897	0.846154	0.505688	0	
0.461538	0.846154	0.503107	0	
0.487179	0.846154	0.499629	0	
0.512821	0.846154	0.495282	0	
0.538462	0.846154	0.490141	0	
0.564103	0.846154	0.484344	0	
0.589744	0.846154	0.478085	0	
0.615385	0.846154	0.471616	0	
0.641026	0.846154	0.465221	0	
0.666667	0.846154	0.459187	0	
0.692308	0.846154	0.449127	0	
0.717949	0.846154	0.395887	0	
0.74359	0.846154	0.344367	0	
0.769231	0.846154	0.295175	0	
0.794872	0.846154	0.248627	0	
0.820513	0.846154	0.204831	0	
0.846154	0.846154	0.163751	0	
0.871795	0.846154	0.125295	0	
0.897436	0.846154	0.0893549	0	
0.923077	0.846154	0.0558536	0	
0.948718	0.846154	0.0247523	0	
0.974359	0.846154	-0.00393441	0	
1	0.846154	-0.030172	1	
0	0.871795	0.487277	1	
0.025641	0.871795	0.487665	0	
0.0512821	0.871795	0.488776	0	
0.0769231	0.871795	0.490522	0	
0.102564	0.871795	0.492817	0	
0.128205	0.871795	0.4956	0	
0.153846	0.871795	0.498827	0	
0.179487	0.871795	0.50247	0	
0.205128	0.871795	0.506491	0	
0.230769	0.871795	0.510847	0	
0.25641	0.871795	0.515463	0	
0.282051	0.871795	0.520229	0	
0.307692	0.871795	0.524976	0	
0.333333	0.871795	0.52947	0	
0.358974	0.871795	0.530028	0	
0.384615	0.871795	0.529781	0	
0.410256	0.871795	0.528829	0	
0.435897	0.871795	0.52713	0	
0.461538	0.871795	0.524657	0	
0.487179	0.871795	0.521413	0	
0.512821	0.871795	0.517433	0	
0.538462	0.871795	0.512796	0	
0.564103	0.871795	0.507617	0	
0.589744	0.871795	0.502059	0	
0.615385	0.871795	0.496307	0	
0.641026	0.871795	0.490574	0	
0.666667	0.871795	0.485054	0	
0.692308	0.871795	0.475602	0	
0.717949	0.871795	0.425008	0	
0.74359	0.871795	0.375676	0	
0.769231	0.871795	0.328118	0	
0.794872	0.871795	0.282665	0	
0.820513	0.871795	0.239483	0	
0.846154	0.871795	0.198637	0	
0.871795	0.871795	0.160126	0	
0.897436	0.871795	0.123935	0	
0.923077	0.871795	0.0900652	0	
0.948718	0.871795	0.0585724	0	
0.974359	0.871795	0.0295693	0	
1	0.871795	0.00320751	1	
0	0.897436	0.512243	1	
0.025641	0.897436	0.512722	0	
0.0512821	0.897436	0.51403	0	
0.0769231	0.897436	0.515974	0	
0.102564	0.897436	0.518413	0	
0.128205	0.897436	0.521254	0	
0.153846	0.897436	0.524445	0	
0.179487	0.897436	0.527942	0	
0.205128	0.897436	0.531704	0	
0.230769	0.897436	0.535675	0	
0.25641	0.897436	0.539784	0	
0.282051	0.897436	0.543933	0	
0.307692	0.897436	0.548	0	
0.333333	0.897436	0.551813	0	
0.358974	0.897436	0.552271	0	
0.384615	0.897436	0.551981	0	
0.410256	0.897436	0.551015	0	
0.435897	0.897436	0.549348	0	
0.461538	0.897436	0.546982	0	
0.487179	0.897436	0.543932	0	
0.512821	0.897436	0.540245	0	
0.538462	0.897436	0.535992	0	
0.564103	0.897436	0.531276	0	
0.589744	0.897436	0.526224	0	
0.615385	0.897436	0.520987	0	
0.641026	0.897436	0.515712	0	
0.666667	0.897436	0.510549	0	
0.692308	0.897436	0.50152	0	
0.717949	0.897436	0.452874	0	
0.74359	0.897436	0.405211	0	
0.769231	0.897436	0.358964	0	
0.794872	0.897436	0.31443	0	
0.820513	0.897436	0.271804	0	
0.846154	0.897436	0.23119	0	
0.871795	0.897436	0.192643	0	
0.897436	0.897436	0.156195	0	
0.923077	0.897436	0.121905	0	
0.948718	0.897436	0.0899019	0	
0.974359	0.897436	0.0604374	0	
1	0.897436	0.0338627	1	
0	0.923077	0.53625	1	
0.025641	0.923077	0.536956	0	
0.0512821	0.923077	0.538647	0	
0.0769231	0.923077	0.540936	0	
0.102564	0.923077	0.543606	0	
0.128205	0.923077	0.546564	0	
0.153846	0.923077	0.549757	0	
0.179487	0.923077	0.553153	0	
0.205128	0.923077	0.556708	0	
0.230769	0.923077	0.560369	0	
0.25641	0.923077	0.564065	0	
0.282051	0.923077	0.567723	0	
0.307692	0.923077	0.571278	0	
0.333333	0.923077	0.574682	0	
0.358974	0.923077	0.57515	0	
0.384615	0.923077	0.574865	0	
0.410256	0.923077	0.573901	0	
0.435897	0.923077	0.572271	0	
0.461538	0.923077	0.569991	0	
0.487179	0.923077	0.567094	0	
0.512821	0.923077	0.563625	0	
0.538462	0.923077	0.559655	0	
0.564103	0.923077	0.555271	0	
0.589744	0.923077	0.550582	0	
0.615385	0.923077	0.545702	0	
0.641026	0.923077	0.540746	0	
0.666667	0.923077	0.535812	0	
0.692308	0.923077	0.527038	0	
0.717949	0.923077	0.479756	0	
0.74359	0.923077	0.433335	0	
0.769231	0.923077	0.388095	0	
0.794872	0.923077	0.344292	0	
0.820513	0.923077	0.302112	0	
0.846154	0.923077	0.26168	0	
0.871795	0.923077	0.223061	0	
0.897436	0.923077	0.186301	0	
0.923077	0.923077	0.151458	0	
0.948718	0.923077	0.118698	0	
0.974359	0.923077	0.0884151	0	
1	0.923077	0.0613742	1	
0	0.948718	0.55885	1	
0.025641	0.948718	0.560205	0	
0.0512821	0.948718	0.562672	0	
0.0769231	0.948718	0.565515	0	
0.102564	0.948718	0.568518	0	
0.128205	0.948718	0.571637	0	
0.153846	0.948718	0.574871	0	
0.179487	0.948718	0.578206	0	
0.205128	0.948718	0.581612	0	
0.230769	0.948718	0.58503	0	
0.25641	0.948718	0.588389	0	
0.282051	0.948718	0.591617	0	
0.307692	0.948718	0.594713	0	
0.333333	0.948718	0.597881	0	
0.358974	0.948718	0.598672	0	
0.384615	0.948718	0.598426	0	
0.410256	0.948718	0.597459	0	
0.435897	0.948718	0.595843	0	
0.461538	0.948718	0.593621	0	
0.487179	0.948718	0.590827	0	
0.512821	0.948718	0.587511	0	
0.538462	0.948718	0.583733	0	
0.564103	0.948718	0.579576	0	
0.589744	0.948718	0.575131	0	
0.615385	0.948718	0.570498	0	
0.641026	0.948718	0.565756	0	
0.666667	0.948718	0.560956	0	
0.692308	0.948718	0.552162	0	
0.717949	0.948718	0.505784	0	
0.74359	0.948718	0.460279	0	
0.769231	0.948718	0.415794	0	
0.794872	0.948718	0.372532	0	
0.820513	0.948718	0.330679	0	
0.846154	0.948718	0.290356	0	
0.871795	0.948718	0.251625	0	
0.897436	0.948718	0.214488	0	
0.923077	0.948718	0.178934	0	
0.948718	0.948718	0.145018	0	
0.974359	0.948718	0.113156	0	
1	0.948718	0.0848033	1	
0	0.974359	0.578741	1	
0.025641	0.974359	0.582345	0	
0.0512821	0.974359	0.586323	0	
0.0769231	0.974359	0.589938	0	
0.102564	0.974359	0.593313	0	
0.128205	0.974359	0.596601	0	
0.153846	0.974359	0.599885	0	
0.179487	0.974359	0.603193	0	
0.205128	0.974359	0.606502	0	
0.230769	0.974359	0.609754	0	
0.25641	0.974359	0.612845	0	
0.282051	0.974359	0.615648	0	
0.307692	0.974359	0.618075	0	
0.333333	0.974359	0.620613	0	
0.358974	0.974359	0.622996	0	
0.384615	0.974359	0.622715	0	
0.410256	0.974359	0.621666	0	
0.435897	0.974359	0.620026	0	
0.461538	0.974359	0.617824	0	
0.487179	0.974359	0.615089	0	
0.512821	0.974359	0.611858	0	
0.538462	0.974359	0.608194	0	
0.564103	0.974359	0.60417	0	
0.589744	0.974359	0.599875	0	
0.615385	0.974359	0.595401	0	
0.641026	0.974359	0.590832	0	
0.666667	0.974359	0.58614	0	
0.692308	0.974359	0.5765	0	
0.717949	0.974359	0.530939	0	
0.74359	0.974359	0.486209	0	
0.769231	0.974359	0.442269	0	
0.794872	0.974359	0.399368	0	
0.820513	0.974359	0.357716	0	
0.846154	0.974359	0.317447	0	
0.871795	0.974359	0.278595	0	
0.897436	0.974359	0.241099	0	
0.923077	0.974359	0.20477	0	
0.948718	0.974359	0.169289	0	
0.974359	0.974359	0.134387	0	
1	0.974359	0.101533	1	
0	1	0.591427	1	
0.025641	1	0.604113	1	
0.0512821	1	0.61034	1	
0.0769231	1	0.614603	1	
0.102564	1	0.618199	1	
0.128205	1	0.621569	1	
0.153846	1	0.624879	1	
0.179487	1	0.628179	1	
0.205128	1	0.631456	1	
0.230769	1	0.634639	1	
0.25641	1	0.637596	1	
0.282051	1	0.640054	1	
0.307692	1	0.64133	1	
0.333333	1	0.639117	1	
0.358974	1	0.649198	1	
0.384615	1	0.647773	1	
0.410256	1	0.646469	1	
0.435897	1	0.64477	1	
0.461538	1	0.642566	1	
0.487179	1	0.639846	1	
0.512821	1	0.636645	1	
0.538462	1	0.633016	1	
0.564103	1	0.629038	1	
0.589744	1	0.624797	1	
0.615385	1	0.620407	1	
0.641026	1	0.616028	1	
0.666667	1	0.612048	1	
0.692308	1	0.597853	1	
0.717949	1	0.55527	1	
0.74359	1	0.511348	1	
0.769231	1	0.46771	1	
0.794872	1	0.424954	1	
0.820513	1	0.383377	1	
0.846154	1	0.343119	1	
0.871795	1	0.304213	1	
0.897436	1	0.266543	1	
0.923077	1	0.229766	1	
0.948718	1	0.192978	1	
0.974359	1	0.153577	1	
1	1	0.102553	1	

