0	0	0	1	
0.0208333	0	0	1	
0.0416667	0	0	1	
0.0625	0	0	1	
0.0833333	0	0	1	
0.104167	0	0	1	
0.125	0	0	1	
0.145833	0	0	1	
0.166667	0	0	1	
0.1875	0	0	1	
0.208333	0	0	1	
0.229167	0	0	1	
0.25	0	0	1	
0.270833	0	0	1	
0.291667	0	0	1	
0.3125	0	0	1	
0.333333	0	0	1	
0.354167	0	0	1	
0.375	0	0	1	
0.395833	0	0	1	
0.416667	0	0	1	
0.4375	0	0	1	
0.458333	0	0	1	
0.479167	0	0	1	
0.5	0	0	1	
0.520833	0	0	1	
0.541667	0	0	1	
0.5625	0	0	1	
0.583333	0	0	1	
0.604167	0	0	1	
0.625	0	0	1	
0.645833	0	0	1	
0.666667	0	0	1	
0.6875	0	0	1	
0.708333	0	0	1	
0.729167	0	0	1	
0.75	0	0	1	
0.770833	0	0	1	
0.791667	0	0	1	
0.8125	0	0	1	
0.833333	0	0	1	
0.854167	0	0	1	
0.875	0	0	1	
0.895833	0	0	1	
0.916667	0	0	1	
0.9375	0	0	1	
0.958333	0	0	1	
0.979167	0	0	1	
1	0	0	1	
0	0.0208333	0.0128892	1	
0.0208333	0.0208333	0.012858	0	
0.0416667	0.0208333	0.0127639	0	
0.0625	0.0208333	0.0126051	0	
0.0833333	0.0208333	0.0123793	0	
0.104167	0.0208333	0.0120829	0	
0.125	0.0208333	0.0117118	0	
0.145833	0.0208333	0.0112614	0	
0.166667	0.0208333	0.0107268	0	
0.1875	0.0208333	0.0101034	0	
0.208333	0.0208333	0.00938764	0	
0.229167	0.0208333	0.00857703	0	
0.25	0.0208333	0.0076713	0	
0.270833	0.0208333	0.00667279	0	
0.291667	0.0208333	0.00558694	0	
0.3125	0.0208333	0.00442255	0	
0.333333	0.0208333	0.00319157	0	
0.354167	0.0208333	0.00294414	0	
0.375	0.0208333	0.00276688	0	
0.395833	0.0208333	0.00254446	0	
0.416667	0.0208333	0.00228156	0	
0.4375	0.0208333	0.00198389	0	
0.458333	0.0208333	0.0016579	0	
0.479167	0.0208333	0.00131045	0	
0.5	0.0208333	0.000948657	0	
0.520833	0.0208333	0.000579644	0	
0.541667	0.0208333	0.000210536	0	
0.5625	0.0208333	-0.000151687	0	
0.583333	0.0208333	-0.000500279	0	
0.604167	0.0208333	-0.000828908	0	
0.625	0.0208333	-0.00113191	0	
0.645833	0.0208333	-0.0014046	0	
0.666667	0.0208333	-0.00164366	0	
0.6875	0.0208333	-0.00202379	0	
0.708333	0.0208333	-0.00402635	0	
0.729167	0.0208333	-0.00599929	0	
0.75	0.0208333	-0.00795167	0	
0.770833	0.0208333	-0.00989696	0	
0.791667	0.0208333	-0.0118541	0	
0.8125	0.0208333	-0.013849	0	
0.833333	0.0208333	-0.0159162	0	
0.854167	0.0208333	-0.0181032	0	
0.875	0.0208333	-0.0204764	0	
0.895833	0.0208333	-0.0231341	0	
0.916667	0.0208333	-0.0262328	0	
0.9375	0.0208333	-0.0300449	0	
0.958333	0.0208333	-0.035103	0	
0.979167	0.0208333	-0.0425979	0	
1	0.0208333	-0.0556162	1	
0	0.0416667	0.0258409	1	
0.0208333	0.0416667	0.025779	0	
0.0416667	0.0416667	0.0255923	0	
0.0625	0.0416667	0.0252774	0	
0.0833333	0.0416667	0.0248292	0	
0.104167	0.0416667	0.0242406	0	
0.125	0.0416667	0.0235031	0	
0.145833	0.0416667	0.022607	0	
0.166667	0.0416667	0.0215423	0	
0.1875	0.0416667	0.0202994	0	
0.208333	0.0416667	0.0188701	0	
0.229167	0.0416667	0.0172492	0	
0.25	0.0416667	0.0154354	0	
0.270833	0.0416667	0.0134329	0	
0.291667	0.0416667	0.0112524	0	
0.3125	0.0416667	0.00891169	0	
0.333333	0.0416667	0.00643508	0	
0.354167	0.0416667	0.00593673	0	
0.375	0.0416667	0.0055789	0	
0.395833	0.0416667	0.0051294	0	
0.416667	0.0416667	0.00459788	0	
0.4375	0.0416667	0.0039961	0	
0.458333	0.0416667	0.00333724	0	
0.479167	0.0416667	0.00263527	0	
0.5	0.0416667	0.00190452	0	
0.520833	0.0416667	0.00115939	0	
0.541667	0.0416667	0.000414186	0	
0.5625	0.0416667	-0.000317004	0	
0.583333	0.0416667	-0.00102052	0	
0.604167	0.0416667	-0.00168344	0	
0.625	0.0416667	-0.00229412	0	
0.645833	0.0416667	-0.00284284	0	
0.666667	0.0416667	-0.0033226	0	
0.6875	0.0416667	-0.00408284	0	
0.708333	0.0416667	-0.00808231	0	
0.729167	0.0416667	-0.0120191	0	
0.75	0.0416667	-0.0159104	0	
0.770833	0.0416667	-0.019782	0	
0.791667	0.0416667	-0.0236705	0	
0.8125	0.0416667	-0.0276255	0	
0.833333	0.0416667	-0.0317127	0	
0.854167	0.0416667	-0.0360202	0	
0.875	0.0416667	-0.0406682	0	
0.895833	0.0416667	-0.0458273	0	
0.916667	0.0416667	-0.051752	0	
0.9375	0.0416667	-0.0588438	0	
0.958333	0.0416667	-0.0677693	0	
0.979167	0.0416667	-0.0796722	0	
1	0.0416667	-0.0964528	1	
0	0.0625	0.0389165	1	
0.0208333	0.0625	0.038825	0	
0.0416667	0.0625	0.0385488	0	
0.0625	0.0625	0.038083	0	
0.0833333	0.0625	0.0374194	0	
0.104167	0.0625	0.0365472	0	
0.125	0.0625	0.0354529	0	
0.145833	0.0625	0.0341212	0	
0.166667	0.0625	0.032536	0	
0.1875	0.0625	0.0306816	0	
0.208333	0.0625	0.0285443	0	
0.229167	0.0625	0.0261143	0	
0.25	0.0625	0.0233882	0	
0.270833	0.0625	0.020371	0	
0.291667	0.0625	0.0170783	0	
0.3125	0.0625	0.0135367	0	
0.333333	0.0625	0.00978434	0	
0.354167	0.0625	0.00902782	0	
0.375	0.0625	0.00848261	0	
0.395833	0.0625	0.00779637	0	
0.416667	0.0625	0.00698446	0	
0.4375	0.0625	0.00606539	0	
0.458333	0.0625	0.00505969	0	
0.479167	0.0625	0.00398887	0	
0.5	0.0625	0.00287477	0	
0.520833	0.0625	0.0017392	0	
0.541667	0.0625	0.000603826	0	
0.5625	0.0625	-0.000509999	0	
0.583333	0.0625	-0.00158135	0	
0.604167	0.0625	-0.00259023	0	
0.625	0.0625	-0.00351829	0	
0.645833	0.0625	-0.00435004	0	
0.666667	0.0625	-0.00507405	0	
0.6875	0.0625	-0.00621463	0	
0.708333	0.0625	-0.0122009	0	
0.729167	0.0625	-0.0180846	0	
0.75	0.0625	-0.0238888	0	
0.770833	0.0625	-0.0296502	0	
0.791667	0.0625	-0.0354205	0	
0.8125	0.0625	-0.0412696	0	
0.833333	0.0625	-0.0472889	0	
0.854167	0.0625	-0.0535967	0	
0.875	0.0625	-0.0603488	0	
0.895833	0.0625	-0.0677547	0	
0.916667	0.0625	-0.0761042	0	
0.9375	0.0625	-0.0858089	0	
0.958333	0.0625	-0.0974581	0	
0.979167	0.0625	-0.111868	0	
1	0.0625	-0.130034	1	
0	0.0833333	0.0521751	1	
0.0208333	0.0833333	0.0520556	0	
0.0416667	0.0833333	0.051695	0	
0.0625	0.0833333	0.0510863	0	
0.0833333	0.0833333	0.0502185	0	
0.104167	0.0833333	0.049076	0	
0.125	0.0833333	0.0476401	0	
0.145833	0.0833333	0.045889	0	
0.166667	0.0833333	0.0437991	0	
0.1875	0.0833333	0.0413469	0	
0.208333	0.0833333	0.0385111	0	
0.229167	0.0833333	0.0352754	0	
0.25	0.0833333	0.031632	0	
0.270833	0.0833333	0.0275848	0	
0.291667	0.0833333	0.0231529	0	
0.3125	0.0833333	0.0183725	0	
0.333333	0.0833333	0.013297	0	
0.354167	0.0833333	0.0122708	0	
0.375	0.0833333	0.0115273	0	
0.395833	0.0833333	0.010589	0	
0.416667	0.0833333	0.00947819	0	
0.4375	0.0833333	0.00822131	0	
0.458333	0.0833333	0.00684726	0	
0.479167	0.0833333	0.00538575	0	
0.5	0.0833333	0.00386648	0	
0.520833	0.0833333	0.00231884	0	
0.541667	0.0833333	0.000771906	0	
0.5625	0.0833333	-0.000745464	0	
0.583333	0.0833333	-0.00220467	0	
0.604167	0.0833333	-0.00357781	0	
0.625	0.0833333	-0.00483879	0	
0.645833	0.0833333	-0.00596497	0	
0.666667	0.0833333	-0.00693923	0	
0.6875	0.0833333	-0.00846125	0	
0.708333	0.0833333	-0.0164219	0	
0.729167	0.0833333	-0.0242293	0	
0.75	0.0833333	-0.0319102	0	
0.770833	0.0833333	-0.0395093	0	
0.791667	0.0833333	-0.0470915	0	
0.8125	0.0833333	-0.0547436	0	
0.833333	0.0833333	-0.0625765	0	
0.854167	0.0833333	-0.0707289	0	
0.875	0.0833333	-0.0793757	0	
0.895833	0.0833333	-0.0887383	0	
0.916667	0.0833333	-0.099101	0	
0.9375	0.0833333	-0.11083	0	
0.958333	0.0833333	-0.124385	0	
0.979167	0.0833333	-0.140309	0	
1	0.0833333	-0.15913	1	
0	0.104167	0.0656727	1	
0.0208333	0.104167	0.0655276	0	
0.0416667	0.104167	0.0650893	0	
0.0625	0.104167	0.064349	0	
0.0833333	0.104167	0.0632921	0	
0.104167	0.104167	0.0618984	0	
0.125	0.104167	0.0601427	0	
0.145833	0.104167	0.0579955	0	
0.166667	0.104167	0.0554244	0	
0.1875	0.104167	0.0523958	0	
0.208333	0.104167	0.0488779	0	
0.229167	0.104167	0.0448445	0	
0.25	0.104167	0.0402797	0	
0.270833	0.104167	0.0351833	0	
0.291667	0.104167	0.029576	0	
0.3125	0.104167	0.0235035	0	
0.333333	0.104167	0.017037	0	
0.354167	0.104167	0.0157245	0	
0.375	0.104167	0.0147669	0	
0.395833	0.104167	0.0135542	0	
0.416667	0.104167	0.012118	0	
0.4375	0.104167	0.0104944	0	
0.458333	0.104167	0.0087223	0	
0.479167	0.104167	0.00684037	0	
0.5	0.104167	0.00488657	0	
0.520833	0.104167	0.00289778	0	
0.541667	0.104167	0.000910426	0	
0.5625	0.104167	-0.00103911	0	
0.583333	0.104167	-0.00291404	0	
0.604167	0.104167	-0.00467755	0	
0.625	0.104167	-0.00629409	0	
0.645833	0.104167	-0.00773182	0	
0.666667	0.104167	-0.00896578	0	
0.6875	0.104167	-0.0108721	0	
0.708333	0.104167	-0.0207959	0	
0.729167	0.104167	-0.0305008	0	
0.75	0.104167	-0.0400134	0	
0.770833	0.104167	-0.0493851	0	
0.791667	0.104167	-0.0586925	0	
0.8125	0.104167	-0.0680368	0	
0.833333	0.104167	-0.0775442	0	
0.854167	0.104167	-0.0873667	0	
0.875	0.104167	-0.0976866	0	
0.895833	0.104167	-0.108722	0	
0.916667	0.104167	-0.120732	0	
0.9375	0.104167	-0.134024	0	
0.958333	0.104167	-0.148944	0	
0.979167	0.104167	-0.165853	0	
1	0.104167	-0.185051	1	
0	0.125	0.0794606	1	
0.0208333	0.125	0.0792929	0	
0.0416667	0.125	0.0787858	0	
0.0625	0.125	0.0779284	0	
0.0833333	0.125	0.0767025	0	
0.104167	0.125	0.0750827	0	
0.125	0.125	0.0730368	0	
0.145833	0.125	0.0705261	0	
0.166667	0.125	0.0675073	0	
0.1875	0.125	0.063934	0	
0.208333	0.125	0.0597602	0	
0.229167	0.125	0.0549449	0	
0.25	0.125	0.049459	0	
0.270833	0.125	0.0432926	0	
0.291667	0.125	0.0364644	0	
0.3125	0.125	0.0290286	0	
0.333333	0.125	0.0210778	0	
0.354167	0.125	0.0194557	0	
0.375	0.125	0.0182613	0	
0.395833	0.125	0.0167431	0	
0.416667	0.125	0.014945	0	
0.4375	0.125	0.0129161	0	
0.458333	0.125	0.0107071	0	
0.479167	0.125	0.0083669	0	
0.5	0.125	0.00594162	0	
0.520833	0.125	0.00347532	0	
0.541667	0.125	0.00101111	0	
0.5625	0.125	-0.00140736	0	
0.583333	0.125	-0.00373483	0	
0.604167	0.125	-0.00592424	0	
0.625	0.125	-0.00792823	0	
0.645833	0.125	-0.00970243	0	
0.666667	0.125	-0.0112106	0	
0.6875	0.125	-0.0135071	0	
0.708333	0.125	-0.025389	0	
0.729167	0.125	-0.0369644	0	
0.75	0.125	-0.0482573	0	
0.770833	0.125	-0.0593253	0	
0.791667	0.125	-0.0702565	0	
0.8125	0.125	-0.081167	0	
0.833333	0.125	-0.0921966	0	
0.854167	0.125	-0.103507	0	
0.875	0.125	-0.115282	0	
0.895833	0.125	-0.12773	0	
0.916667	0.125	-0.141081	0	
0.9375	0.125	-0.155588	0	
0.958333	0.125	-0.171515	0	
0.979167	0.125	-0.189107	0	
1	0.125	-0.208552	1	
0	0.145833	0.0935844	1	
0.0208333	0.145833	0.0933976	0	
0.0416667	0.145833	0.0928326	0	
0.0625	0.145833	0.0918764	0	
0.0833333	0.145833	0.090507	0	
0.104167	0.145833	0.0886934	0	
0.125	0.145833	0.0863956	0	
0.145833	0.145833	0.0835649	0	
0.166667	0.145833	0.0801448	0	
0.1875	0.145833	0.0760728	0	
0.208333	0.145833	0.071284	0	
0.229167	0.145833	0.0657162	0	
0.25	0.145833	0.0593188	0	
0.270833	0.145833	0.0520638	0	
0.291667	0.145833	0.0439605	0	
0.3125	0.145833	0.0350687	0	
0.333333	0.145833	0.025507	0	
0.354167	0.145833	0.0235426	0	
0.375	0.145833	0.0220793	0	
0.395833	0.145833	0.0202121	0	
0.416667	0.145833	0.0180026	0	
0.4375	0.145833	0.0155179	0	
0.458333	0.145833	0.0128232	0	
0.479167	0.145833	0.00997846	0	
0.5	0.145833	0.00703769	0	
0.520833	0.145833	0.00405076	0	
0.541667	0.145833	0.00106607	0	
0.5625	0.145833	-0.00186662	0	
0.583333	0.145833	-0.00469367	0	
0.604167	0.145833	-0.00735636	0	
0.625	0.145833	-0.00979216	0	
0.645833	0.145833	-0.0119391	0	
0.666667	0.145833	-0.0137436	0	
0.6875	0.145833	-0.0164419	0	
0.708333	0.145833	-0.0302885	0	
0.729167	0.145833	-0.0437103	0	
0.75	0.145833	-0.0567264	0	
0.770833	0.145833	-0.069402	0	
0.791667	0.145833	-0.0818412	0	
0.8125	0.145833	-0.0941781	0	
0.833333	0.145833	-0.106568	0	
0.854167	0.145833	-0.119182	0	
0.875	0.145833	-0.132206	0	
0.895833	0.145833	-0.145834	0	
0.916667	0.145833	-0.160273	0	
0.9375	0.145833	-0.175734	0	
0.958333	0.145833	-0.192419	0	
0.979167	0.145833	-0.210508	0	
1	0.145833	-0.230127	1	
0	0.166667	0.108082	1	
0.0208333	0.166667	0.107881	0	
0.0416667	0.166667	0.107271	0	
0.0625	0.166667	0.106238	0	
0.0833333	0.166667	0.104756	0	
0.104167	0.166667	0.102788	0	
0.125	0.166667	0.100288	0	
0.145833	0.166667	0.0971932	0	
0.166667	0.166667	0.0934342	0	
0.1875	0.166667	0.0889286	0	
0.208333	0.166667	0.0835868	0	
0.229167	0.166667	0.0773172	0	
0.25	0.166667	0.0700361	0	
0.270833	0.166667	0.0616834	0	
0.291667	0.166667	0.0522452	0	
0.3125	0.166667	0.0417787	0	
0.333333	0.166667	0.0304331	0	
0.354167	0.166667	0.0280799	0	
0.375	0.166667	0.0263014	0	
0.395833	0.166667	0.0240233	0	
0.416667	0.166667	0.0213355	0	
0.4375	0.166667	0.0183297	0	
0.458333	0.166667	0.0150894	0	
0.479167	0.166667	0.011686	0	
0.5	0.166667	0.0081799	0	
0.520833	0.166667	0.004624	0	
0.541667	0.166667	0.00106904	0	
0.5625	0.166667	-0.00243154	0	
0.583333	0.166667	-0.00581686	0	
0.604167	0.166667	-0.00901536	0	
0.625	0.166667	-0.011945	0	
0.645833	0.166667	-0.0145181	0	
0.666667	0.166667	-0.0166538	0	
0.6875	0.166667	-0.0197742	0	
0.708333	0.166667	-0.0356126	0	
0.729167	0.166667	-0.0508619	0	
0.75	0.166667	-0.0655359	0	
0.770833	0.166667	-0.0797149	0	
0.791667	0.166667	-0.0935282	0	
0.8125	0.166667	-0.107136	0	
0.833333	0.166667	-0.120715	0	
0.854167	0.166667	-0.134449	0	
0.875	0.166667	-0.148524	0	
0.895833	0.166667	-0.163128	0	
0.916667	0.166667	-0.178445	0	
0.9375	0.166667	-0.194654	0	
0.958333	0.166667	-0.211919	0	
0.979167	0.166667	-0.230378	0	
1	0.166667	-0.250125	1	
0	0.1875	0.122983	1	
0.0208333	0.1875	0.122772	0	
0.0416667	0.1875	0.122132	0	
0.0625	0.1875	0.121048	0	
0.0833333	0.1875	0.11949	0	
0.104167	0.1875	0.117417	0	
0.125	0.1875	0.114773	0	
0.145833	0.1875	0.111486	0	
0.166667	0.1875	0.10747	0	
0.1875	0.1875	0.102621	0	
0.208333	0.1875	0.0968176	0	
0.229167	0.1875	0.0899299	0	
0.25	0.1875	0.081825	0	
0.270833	0.1875	0.0723887	0	
0.291667	0.1875	0.0615581	0	
0.3125	0.1875	0.0493679	0	
0.333333	0.1875	0.0359981	0	
0.354167	0.1875	0.0331869	0	
0.375	0.1875	0.0310229	0	
0.395833	0.1875	0.0282444	0	
0.416667	0.1875	0.0249864	0	
0.4375	0.1875	0.021376	0	
0.458333	0.1875	0.0175187	0	
0.479167	0.1875	0.0134964	0	
0.5	0.1875	0.00937185	0	
0.520833	0.1875	0.00519632	0	
0.541667	0.1875	0.00101762	0	
0.5625	0.1875	-0.00311177	0	
0.583333	0.1875	-0.00712682	0	
0.604167	0.1875	-0.0109433	0	
0.625	0.1875	-0.0144543	0	
0.645833	0.1875	-0.0175346	0	
0.666667	0.1875	-0.0200574	0	
0.6875	0.1875	-0.0236362	0	
0.708333	0.1875	-0.0415255	0	
0.729167	0.1875	-0.0585888	0	
0.75	0.1875	-0.0748403	0	
0.770833	0.1875	-0.0903932	0	
0.791667	0.1875	-0.10542	0	
0.8125	0.1875	-0.120123	0	
0.833333	0.1875	-0.134707	0	
0.854167	0.1875	-0.149373	0	
0.875	0.1875	-0.164314	0	
0.895833	0.1875	-0.179708	0	
0.916667	0.1875	-0.195724	0	
0.9375	0.1875	-0.212517	0	
0.958333	0.1875	-0.230225	0	
0.979167	0.1875	-0.248959	0	
1	0.1875	-0.2688	1	
0	0.208333	0.138307	1	
0.0208333	0.208333	0.138091	0	
0.0416667	0.208333	0.137439	0	
0.0625	0.208333	0.136332	0	
0.0833333	0.208333	0.13474	0	
0.104167	0.208333	0.132617	0	
0.125	0.208333	0.129901	0	
0.145833	0.208333	0.126509	0	
0.166667	0.208333	0.12234	0	
0.1875	0.208333	0.117266	0	
0.208333	0.208333	0.111133	0	
0.229167	0.208333	0.10376	0	
0.25	0.208333	0.0949455	0	
0.270833	0.208333	0.0844884	0	
0.291667	0.208333	0.0722307	0	
0.3125	0.208333	0.0581366	0	
0.333333	0.208333	0.0424	0	
0.354167	0.208333	0.0390209	0	
0.375	0.208333	0.0363588	0	
0.395833	0.208333	0.032945	0	
0.416667	0.208333	0.0289896	0	
0.4375	0.208333	0.0246691	0	
0.458333	0.208333	0.020113	0	
0.479167	0.208333	0.0154089	0	
0.5	0.208333	0.0106148	0	
0.520833	0.208333	0.00577184	0	
0.541667	0.208333	0.000916897	0	
0.5625	0.208333	-0.00390633	0	
0.583333	0.208333	-0.00863539	0	
0.604167	0.208333	-0.0131766	0	
0.625	0.208333	-0.0173943	0	
0.645833	0.208333	-0.0211084	0	
0.666667	0.208333	-0.0241135	0	
0.6875	0.208333	-0.0282157	0	
0.708333	0.208333	-0.0482644	0	
0.729167	0.208333	-0.0671274	0	
0.75	0.208333	-0.0848434	0	
0.770833	0.208333	-0.101597	0	
0.791667	0.208333	-0.117638	0	
0.8125	0.208333	-0.133228	0	
0.833333	0.208333	-0.148615	0	
0.854167	0.208333	-0.164023	0	
0.875	0.208333	-0.179649	0	
0.895833	0.208333	-0.195666	0	
0.916667	0.208333	-0.212227	0	
0.9375	0.208333	-0.229466	0	
0.958333	0.208333	-0.247502	0	
0.979167	0.208333	-0.266435	0	
1	0.208333	-0.28634	1	
0	0.229167	0.154063	1	
0.0208333	0.229167	0.153848	0	
0.0416667	0.229167	0.1532	0	
0.0625	0.229167	0.152101	0	
0.0833333	0.229167	0.150521	0	
0.104167	0.229167	0.148411	0	
0.125	0.229167	0.145703	0	
0.145833	0.229167	0.14231	0	
0.166667	0.229167	0.138115	0	
0.1875	0.229167	0.132971	0	
0.208333	0.229167	0.126689	0	
0.229167	0.229167	0.119031	0	
0.25	0.229167	0.109709	0	
0.270833	0.229167	0.0983887	0	
0.291667	0.229167	0.0847398	0	
0.3125	0.229167	0.068548	0	
0.333333	0.229167	0.0499412	0	
0.354167	0.229167	0.0458001	0	
0.375	0.229167	0.0424463	0	
0.395833	0.229167	0.0381873	0	
0.416667	0.229167	0.0333579	0	
0.4375	0.229167	0.0281979	0	
0.458333	0.229167	0.0228554	0	
0.479167	0.229167	0.0174116	0	
0.5	0.229167	0.0119065	0	
0.520833	0.229167	0.00635937	0	
0.541667	0.229167	0.000784473	0	
0.5625	0.229167	-0.00479511	0	
0.583333	0.229167	-0.0103318	0	
0.604167	0.229167	-0.0157334	0	
0.625	0.229167	-0.0208381	0	
0.645833	0.229167	-0.0253913	0	
0.666667	0.229167	-0.0290505	0	
0.6875	0.229167	-0.0338004	0	
0.708333	0.229167	-0.0561891	0	
0.729167	0.229167	-0.0768126	0	
0.75	0.229167	-0.0958091	0	
0.770833	0.229167	-0.113513	0	
0.791667	0.229167	-0.130305	0	
0.8125	0.229167	-0.146535	0	
0.833333	0.229167	-0.162504	0	
0.854167	0.229167	-0.178456	0	
0.875	0.229167	-0.194593	0	
0.895833	0.229167	-0.21108	0	
0.916667	0.229167	-0.228051	0	
0.9375	0.229167	-0.245619	0	
0.958333	0.229167	-0.263883	0	
0.979167	0.229167	-0.282937	0	
1	0.229167	-0.302873	1	
0	0.25	0.170249	1	
0.0208333	0.25	0.170039	0	
0.0416667	0.25	0.169411	0	
0.0625	0.25	0.168353	0	
0.0833333	0.25	0.166833	0	
0.104167	0.25	0.164802	0	
0.125	0.25	0.162192	0	
0.145833	0.25	0.158912	0	
0.166667	0.25	0.15484	0	
0.1875	0.25	0.149814	0	
0.208333	0.25	0.14362	0	
0.229167	0.25	0.135967	0	
0.25	0.25	0.12647	0	
0.270833	0.25	0.114618	0	
0.291667	0.25	0.0997919	0	
0.3125	0.25	0.0813745	0	
0.333333	0.25	0.0591502	0	
0.354167	0.25	0.0538456	0	
0.375	0.25	0.049439	0	
0.395833	0.25	0.0440002	0	
0.416667	0.25	0.0380566	0	
0.4375	0.25	0.0319092	0	
0.458333	0.25	0.0256991	0	
0.479167	0.25	0.0194755	0	
0.5	0.25	0.0132402	0	
0.520833	0.25	0.00697472	0	
0.541667	0.25	0.000656734	0	
0.5625	0.25	-0.00572683	0	
0.583333	0.25	-0.0121632	0	
0.604167	0.25	-0.018587	0	
0.625	0.25	-0.0248335	0	
0.645833	0.25	-0.0305682	0	
0.666667	0.25	-0.035219	0	
0.6875	0.25	-0.0408797	0	
0.708333	0.25	-0.0658786	0	
0.729167	0.25	-0.0881249	0	
0.75	0.25	-0.108067	0	
0.770833	0.25	-0.126342	0	
0.791667	0.25	-0.143534	0	
0.8125	0.25	-0.160105	0	
0.833333	0.25	-0.176407	0	
0.854167	0.25	-0.192703	0	
0.875	0.25	-0.209188	0	
0.895833	0.25	-0.226009	0	
0.916667	0.25	-0.243277	0	
0.9375	0.25	-0.261076	0	
0.958333	0.25	-0.279474	0	
0.979167	0.25	-0.298556	0	
1	0.25	-0.318462	1	
0	0.270833	0.186856	1	
0.0208333	0.270833	0.186647	0	
0.0416667	0.270833	0.186053	0	
0.0625	0.270833	0.185066	0	
0.0833333	0.270833	0.183655	0	
0.104167	0.270833	0.181772	0	
0.125	0.270833	0.179352	0	
0.145833	0.270833	0.176306	0	
0.166667	0.270833	0.172518	0	
0.1875	0.270833	0.167827	0	
0.208333	0.270833	0.162009	0	
0.229167	0.270833	0.15475	0	
0.25	0.270833	0.145584	0	
0.270833	0.270833	0.133822	0	
0.291667	0.270833	0.118435	0	
0.3125	0.270833	0.0980081	0	
0.333333	0.270833	0.0711396	0	
0.354167	0.270833	0.063643	0	
0.375	0.270833	0.057464	0	
0.395833	0.270833	0.0503176	0	
0.416667	0.270833	0.0429593	0	
0.4375	0.270833	0.0356831	0	
0.458333	0.270833	0.0285564	0	
0.479167	0.270833	0.021551	0	
0.5	0.270833	0.014604	0	
0.520833	0.270833	0.00764263	0	
0.541667	0.270833	0.000594581	0	
0.5625	0.270833	-0.00660574	0	
0.583333	0.270833	-0.0140074	0	
0.604167	0.270833	-0.0216178	0	
0.625	0.270833	-0.0293407	0	
0.645833	0.270833	-0.0368289	0	
0.666667	0.270833	-0.0431961	0	
0.6875	0.270833	-0.0504129	0	
0.708333	0.270833	-0.0783207	0	
0.729167	0.270833	-0.101742	0	
0.75	0.270833	-0.121991	0	
0.770833	0.270833	-0.140255	0	
0.791667	0.270833	-0.157382	0	
0.8125	0.270833	-0.173944	0	
0.833333	0.270833	-0.190318	0	
0.854167	0.270833	-0.20676	0	
0.875	0.270833	-0.223445	0	
0.895833	0.270833	-0.240491	0	
0.916667	0.270833	-0.257973	0	
0.9375	0.270833	-0.275933	0	
0.958333	0.270833	-0.294382	0	
0.979167	0.270833	-0.31335	0	
1	0.270833	-0.333046	1	
0	0.291667	0.20388	1	
0.0208333	0.291667	0.203641	0	
0.0416667	0.291667	0.203088	0	
0.0625	0.291667	0.202204	0	
0.0833333	0.291667	0.200949	0	
0.104167	0.291667	0.199279	0	
0.125	0.291667	0.197136	0	
0.145833	0.291667	0.194444	0	
0.166667	0.291667	0.1911	0	
0.1875	0.291667	0.186965	0	
0.208333	0.291667	0.181841	0	
0.229167	0.291667	0.175437	0	
0.25	0.291667	0.167296	0	
0.270833	0.291667	0.156652	0	
0.291667	0.291667	0.142119	0	
0.3125	0.291667	0.121083	0	
0.333333	0.291667	0.0888743	0	
0.354167	0.291667	0.075859	0	
0.375	0.291667	0.0664563	0	
0.395833	0.291667	0.0568471	0	
0.416667	0.291667	0.0477798	0	
0.4375	0.291667	0.0393076	0	
0.458333	0.291667	0.0312923	0	
0.479167	0.291667	0.0235682	0	
0.5	0.291667	0.0159823	0	
0.520833	0.291667	0.00839723	0	
0.541667	0.291667	0.000684698	0	
0.5625	0.291667	-0.0072834	0	
0.583333	0.291667	-0.0156426	0	
0.604167	0.291667	-0.0245362	0	
0.625	0.291667	-0.0340826	0	
0.645833	0.291667	-0.0442107	0	
0.666667	0.291667	-0.0539944	0	
0.6875	0.291667	-0.06466	0	
0.708333	0.291667	-0.0952493	0	
0.729167	0.291667	-0.11853	0	
0.75	0.291667	-0.1379	0	
0.770833	0.291667	-0.155303	0	
0.791667	0.291667	-0.171797	0	
0.8125	0.291667	-0.187969	0	
0.833333	0.291667	-0.20416	0	
0.854167	0.291667	-0.220575	0	
0.875	0.291667	-0.237342	0	
0.895833	0.291667	-0.254536	0	
0.916667	0.291667	-0.272192	0	
0.9375	0.291667	-0.290299	0	
0.958333	0.291667	-0.30877	0	
0.979167	0.291667	-0.327415	0	
1	0.291667	-0.346205	1	
0	0.3125	0.221382	1	
0.0208333	0.3125	0.22095	0	
0.0416667	0.3125	0.220456	0	
0.0625	0.3125	0.219711	0	
0.0833333	0.3125	0.218659	0	
0.104167	0.3125	0.21726	0	
0.125	0.3125	0.21547	0	
0.145833	0.3125	0.213233	0	
0.166667	0.3125	0.210473	0	
0.1875	0.3125	0.207092	0	
0.208333	0.3125	0.202954	0	
0.229167	0.3125	0.197862	0	
0.25	0.3125	0.191512	0	
0.270833	0.3125	0.183369	0	
0.291667	0.3125	0.172307	0	
0.3125	0.3125	0.15533	0	
0.333333	0.3125	0.122359	0	
0.354167	0.3125	0.0907152	0	
0.375	0.3125	0.0756552	0	
0.395833	0.3125	0.0628345	0	
0.416667	0.3125	0.0520052	0	
0.4375	0.3125	0.0424753	0	
0.458333	0.3125	0.033737	0	
0.479167	0.3125	0.0254471	0	
0.5	0.3125	0.0173597	0	
0.520833	0.3125	0.00927933	0	
0.541667	0.3125	0.00103038	0	
0.5625	0.3125	-0.00757	0	
0.583333	0.3125	-0.0167435	0	
0.604167	0.3125	-0.0268016	0	
0.625	0.3125	-0.0382429	0	
0.645833	0.3125	-0.0519369	0	
0.666667	0.3125	-0.0694014	0	
0.6875	0.3125	-0.0901358	0	
0.708333	0.3125	-0.119486	0	
0.729167	0.3125	-0.139229	0	
0.75	0.3125	-0.155775	0	
0.770833	0.3125	-0.171262	0	
0.791667	0.3125	-0.186533	0	
0.8125	0.3125	-0.201975	0	
0.833333	0.3125	-0.217777	0	
0.854167	0.3125	-0.234039	0	
0.875	0.3125	-0.250812	0	
0.895833	0.3125	-0.268119	0	
0.916667	0.3125	-0.28596	0	
0.9375	0.3125	-0.3043	0	
0.958333	0.3125	-0.322984	0	
0.979167	0.3125	-0.341334	0	
1	0.3125	-0.356127	1	
0	0.333333	0.22419	1	
0.0208333	0.333333	0.224125	0	
0.0416667	0.333333	0.223727	0	
0.0625	0.333333	0.223034	0	
0.0833333	0.333333	0.222037	0	
0.104167	0.333333	0.220707	0	
0.125	0.333333	0.219007	0	
0.145833	0.333333	0.216886	0	
0.166667	0.333333	0.214278	0	
0.1875	0.333333	0.211096	0	
0.208333	0.333333	0.207226	0	
0.229167	0.333333	0.202511	0	
0.25	0.333333	0.19673	0	
0.270833	0.333333	0.189554	0	
0.291667	0.333333	0.180483	0	
0.3125	0.333333	0.168827	0	
0.333333	0.333333	0.154325	0	
0.354167	0.333333	0.122643	0	
0.375	0.333333	0.0889197	0	
0.395833	0.333333	0.0706432	0	
0.416667	0.333333	0.0576797	0	
0.4375	0.333333	0.0470112	0	
0.458333	0.333333	0.037489	0	
0.479167	0.333333	0.0285506	0	
0.5	0.333333	0.019853	0	
0.520833	0.333333	0.0111438	0	
0.541667	0.333333	0.00220203	0	
0.5625	0.333333	-0.00720549	0	
0.583333	0.333333	-0.0173776	0	
0.604167	0.333333	-0.0287831	0	
0.625	0.333333	-0.0423256	0	
0.645833	0.333333	-0.0601574	0	
0.666667	0.333333	-0.0885825	0	
0.6875	0.333333	-0.109486	0	
0.708333	0.333333	-0.128261	0	
0.729167	0.333333	-0.144445	0	
0.75	0.333333	-0.159506	0	
0.770833	0.333333	-0.174261	0	
0.791667	0.333333	-0.189136	0	
0.8125	0.333333	-0.204357	0	
0.833333	0.333333	-0.220043	0	
0.854167	0.333333	-0.236254	0	
0.875	0.333333	-0.253018	0	
0.895833	0.333333	-0.270345	0	
0.916667	0.333333	-0.288236	0	
0.9375	0.333333	-0.306689	0	
0.958333	0.333333	-0.325721	0	
0.979167	0.333333	-0.34548	0	
1	0.333333	-0.366896	1	
0	0.354167	0.226267	1	
0.0208333	0.354167	0.226155	0	
0.0416667	0.354167	0.225776	0	
0.0625	0.354167	0.225121	0	
0.0833333	0.354167	0.224177	0	
0.104167	0.354167	0.222918	0	
0.125	0.354167	0.221311	0	
0.145833	0.354167	0.21931	0	
0.166667	0.354167	0.216859	0	
0.1875	0.354167	0.213883	0	
0.208333	0.354167	0.210293	0	
0.229167	0.354167	0.205974	0	
0.25	0.354167	0.200786	0	
0.270833	0.354167	0.194567	0	
0.291667	0.354167	0.187179	0	
0.3125	0.354167	0.178669	0	
0.333333	0.354167	0.169775	0	
0.354167	0.354167	0.156759	0	
0.375	0.354167	0.123257	0	
0.395833	0.354167	0.100309	0	
0.416667	0.354167	0.0831525	0	
0.4375	0.354167	0.0690926	0	
0.458333	0.354167	0.0566653	0	
0.479167	0.354167	0.0450181	0	
0.5	0.354167	0.033595	0	
0.520833	0.354167	0.02198	0	
0.541667	0.354167	0.00981045	0	
0.5625	0.354167	-0.00328927	0	
0.583333	0.354167	-0.0177823	0	
0.604167	0.354167	-0.0343383	0	
0.625	0.354167	-0.0540576	0	
0.645833	0.354167	-0.0788868	0	
0.666667	0.354167	-0.112184	0	
0.6875	0.354167	-0.123863	0	
0.708333	0.354167	-0.135288	0	
0.729167	0.354167	-0.148268	0	
0.75	0.354167	-0.16182	0	
0.770833	0.354167	-0.175807	0	
0.791667	0.354167	-0.190273	0	
0.8125	0.354167	-0.205273	0	
0.833333	0.354167	-0.220844	0	
0.854167	0.354167	-0.237003	0	
0.875	0.354167	-0.253753	0	
0.895833	0.354167	-0.271091	0	
0.916667	0.354167	-0.28901	0	
0.9375	0.354167	-0.30751	0	
0.958333	0.354167	-0.326608	0	
0.979167	0.354167	-0.346353	0	
1	0.354167	-0.366793	1	
0	0.375	0.228567	1	
0.0208333	0.375	0.228453	0	
0.0416667	0.375	0.228101	0	
0.0625	0.375	0.227498	0	
0.0833333	0.375	0.226631	0	
0.104167	0.375	0.225477	0	
0.125	0.375	0.224008	0	
0.145833	0.375	0.222185	0	
0.166667	0.375	0.219963	0	
0.1875	0.375	0.217286	0	
0.208333	0.375	0.21409	0	
0.229167	0.375	0.210307	0	
0.25	0.375	0.205871	0	
0.270833	0.375	0.200748	0	
0.291667	0.375	0.194996	0	
0.3125	0.375	0.188894	0	
0.333333	0.375	0.183185	0	
0.354167	0.375	0.17564	0	
0.375	0.375	0.147042	0	
0.395833	0.375	0.124182	0	
0.416667	0.375	0.105529	0	
0.4375	0.375	0.0895416	0	
0.458333	0.375	0.0750615	0	
0.479167	0.375	0.0612617	0	
0.5	0.375	0.0475287	0	
0.520833	0.375	0.0333708	0	
0.541667	0.375	0.018349	0	
0.5625	0.375	0.00202018	0	
0.583333	0.375	-0.0161237	0	
0.604167	0.375	-0.0367302	0	
0.625	0.375	-0.0606797	0	
0.645833	0.375	-0.0891481	0	
0.666667	0.375	-0.123409	0	
0.6875	0.375	-0.132356	0	
0.708333	0.375	-0.140759	0	
0.729167	0.375	-0.151521	0	
0.75	0.375	-0.163698	0	
0.770833	0.375	-0.176875	0	
0.791667	0.375	-0.190875	0	
0.8125	0.375	-0.205617	0	
0.833333	0.375	-0.221056	0	
0.854167	0.375	-0.23716	0	
0.875	0.375	-0.2539	0	
0.895833	0.375	-0.271254	0	
0.916667	0.375	-0.289204	0	
0.9375	0.375	-0.307735	0	
0.958333	0.375	-0.326846	0	
0.979167	0.375	-0.346532	0	
1	0.375	-0.366755	1	
0	0.395833	0.231093	1	
0.0208333	0.395833	0.23099	0	
0.0416667	0.395833	0.230675	0	
0.0625	0.395833	0.23014	0	
0.0833333	0.395833	0.229372	0	
0.104167	0.395833	0.228352	0	
0.125	0.395833	0.227058	0	
0.145833	0.395833	0.225459	0	
0.166667	0.395833	0.223521	0	
0.1875	0.395833	0.221206	0	
0.208333	0.395833	0.218475	0	
0.229167	0.395833	0.215292	0	
0.25	0.395833	0.211644	0	
0.270833	0.395833	0.20756	0	
0.291667	0.395833	0.203162	0	
0.3125	0.395833	0.198726	0	
0.333333	0.395833	0.194761	0	
0.354167	0.395833	0.189361	0	
0.375	0.395833	0.16509	0	
0.395833	0.395833	0.143847	0	
0.416667	0.395833	0.125241	0	
0.4375	0.395833	0.108483	0	
0.458333	0.395833	0.0927778	0	
0.479167	0.395833	0.0774384	0	
0.5	0.395833	0.0618875	0	
0.520833	0.395833	0.0456255	0	
0.541667	0.395833	0.0281948	0	
0.5625	0.395833	0.00914464	0	
0.583333	0.395833	-0.0120025	0	
0.604167	0.395833	-0.0357791	0	
0.625	0.395833	-0.0627829	0	
0.645833	0.395833	-0.093617	0	
0.666667	0.395833	-0.128654	0	
0.6875	0.395833	-0.136753	0	
0.708333	0.395833	-0.143871	0	
0.729167	0.395833	-0.153357	0	
0.75	0.395833	-0.164578	0	
0.770833	0.395833	-0.177121	0	
0.791667	0.395833	-0.190735	0	
0.8125	0.395833	-0.205265	0	
0.833333	0.395833	-0.220604	0	
0.854167	0.395833	-0.23668	0	
0.875	0.395833	-0.253434	0	
0.895833	0.395833	-0.270823	0	
0.916667	0.395833	-0.288814	0	
0.9375	0.395833	-0.307382	0	
0.958333	0.395833	-0.326508	0	
0.979167	0.395833	-0.346173	0	
1	0.395833	-0.366347	1	
0	0.416667	0.233827	1	
0.0208333	0.416667	0.233738	0	
0.0416667	0.416667	0.23347	0	
0.0625	0.416667	0.233015	0	
0.0833333	0.416667	0.232364	0	
0.104167	0.416667	0.231502	0	
0.125	0.416667	0.230412	0	
0.145833	0.416667	0.229072	0	
0.166667	0.416667	0.227458	0	
0.1875	0.416667	0.225544	0	
0.208333	0.416667	0.22331	0	
0.229167	0.416667	0.220743	0	
0.25	0.416667	0.217852	0	
0.270833	0.416667	0.214687	0	
0.291667	0.416667	0.211364	0	
0.3125	0.416667	0.208089	0	
0.333333	0.416667	0.205166	0	
0.354167	0.416667	0.20091	0	
0.375	0.416667	0.18011	0	
0.395833	0.416667	0.160874	0	
0.416667	0.416667	0.143106	0	
0.4375	0.416667	0.126372	0	
0.458333	0.416667	0.110128	0	
0.479167	0.416667	0.0938268	0	
0.5	0.416667	0.0769574	0	
0.520833	0.416667	0.059049	0	
0.541667	0.416667	0.0396602	0	
0.5625	0.416667	0.018366	0	
0.583333	0.416667	-0.00525163	0	
0.604167	0.416667	-0.0316009	0	
0.625	0.416667	-0.0610558	0	
0.645833	0.416667	-0.0938831	0	
0.666667	0.416667	-0.130095	0	
0.6875	0.416667	-0.138017	0	
0.708333	0.416667	-0.144614	0	
0.729167	0.416667	-0.153459	0	
0.75	0.416667	-0.164134	0	
0.770833	0.416667	-0.176295	0	
0.791667	0.416667	-0.189681	0	
0.8125	0.416667	-0.204102	0	
0.833333	0.416667	-0.219417	0	
0.854167	0.416667	-0.235521	0	
0.875	0.416667	-0.252332	0	
0.895833	0.416667	-0.269791	0	
0.916667	0.416667	-0.287849	0	
0.9375	0.416667	-0.306471	0	
0.958333	0.416667	-0.32563	0	
0.979167	0.416667	-0.345305	0	
1	0.416667	-0.365473	1	
0	0.4375	0.236738	1	
0.0208333	0.4375	0.236666	0	
0.0416667	0.4375	0.236451	0	
0.0625	0.4375	0.236087	0	
0.0833333	0.4375	0.235567	0	
0.104167	0.4375	0.234881	0	
0.125	0.4375	0.234016	0	
0.145833	0.4375	0.232959	0	
0.166667	0.4375	0.231693	0	
0.1875	0.4375	0.230203	0	
0.208333	0.4375	0.228478	0	
0.229167	0.4375	0.226517	0	
0.25	0.4375	0.224334	0	
0.270833	0.4375	0.221973	0	
0.291667	0.4375	0.219518	0	
0.3125	0.4375	0.2171	0	
0.333333	0.4375	0.214885	0	
0.354167	0.4375	0.211414	0	
0.375	0.4375	0.193568	0	
0.395833	0.4375	0.176435	0	
0.416667	0.4375	0.159935	0	
0.4375	0.4375	0.143771	0	
0.458333	0.4375	0.127536	0	
0.479167	0.4375	0.110783	0	
0.5	0.4375	0.0930662	0	
0.520833	0.4375	0.073953	0	
0.541667	0.4375	0.0530312	0	
0.5625	0.4375	0.0299105	0	
0.583333	0.4375	0.00423103	0	
0.604167	0.4375	-0.0243168	0	
0.625	0.4375	-0.0559564	0	
0.645833	0.4375	-0.0907644	0	
0.666667	0.4375	-0.128592	0	
0.6875	0.4375	-0.136645	0	
0.708333	0.4375	-0.14311	0	
0.729167	0.4375	-0.151731	0	
0.75	0.4375	-0.162206	0	
0.770833	0.4375	-0.174243	0	
0.791667	0.4375	-0.187591	0	
0.8125	0.4375	-0.202045	0	
0.833333	0.4375	-0.217441	0	
0.854167	0.4375	-0.233654	0	
0.875	0.4375	-0.250584	0	
0.895833	0.4375	-0.268158	0	
0.916667	0.4375	-0.286318	0	
0.9375	0.4375	-0.305022	0	
0.958333	0.4375	-0.324238	0	
0.979167	0.4375	-0.343943	0	
1	0.4375	-0.364118	1	
0	0.458333	0.239791	1	
0.0208333	0.458333	0.239739	0	
0.0416667	0.458333	0.239581	0	
0.0625	0.458333	0.239315	0	
0.0833333	0.458333	0.238935	0	
0.104167	0.458333	0.238438	0	
0.125	0.458333	0.237814	0	
0.145833	0.458333	0.237055	0	
0.166667	0.458333	0.236152	0	
0.1875	0.458333	0.235097	0	
0.208333	0.458333	0.233883	0	
0.229167	0.458333	0.232512	0	
0.25	0.458333	0.230994	0	
0.270833	0.458333	0.229353	0	
0.291667	0.458333	0.227635	0	
0.3125	0.458333	0.225907	0	
0.333333	0.458333	0.224245	0	
0.354167	0.458333	0.221422	0	
0.375	0.458333	0.206312	0	
0.395833	0.458333	0.191363	0	
0.416667	0.458333	0.176428	0	
0.4375	0.458333	0.161243	0	
0.458333	0.458333	0.145462	0	
0.479167	0.458333	0.128704	0	
0.5	0.458333	0.110571	0	
0.520833	0.458333	0.0906657	0	
0.541667	0.458333	0.0686011	0	
0.5625	0.458333	0.0440138	0	
0.583333	0.458333	0.0165823	0	
0.604167	0.458333	-0.0139411	0	
0.625	0.458333	-0.0476886	0	
0.645833	0.458333	-0.0846255	0	
0.666667	0.458333	-0.124504	0	
0.6875	0.458333	-0.132879	0	
0.708333	0.458333	-0.139451	0	
0.729167	0.458333	-0.148148	0	
0.75	0.458333	-0.158714	0	
0.770833	0.458333	-0.170881	0	
0.791667	0.458333	-0.184396	0	
0.8125	0.458333	-0.199045	0	
0.833333	0.458333	-0.21465	0	
0.854167	0.458333	-0.231069	0	
0.875	0.458333	-0.248193	0	
0.895833	0.458333	-0.26594	0	
0.916667	0.458333	-0.284245	0	
0.9375	0.458333	-0.303062	0	
0.958333	0.458333	-0.322358	0	
0.979167	0.458333	-0.342109	0	
1	0.458333	-0.3623	1	
0	0.479167	0.242949	1	
0.0208333	0.479167	0.242917	0	
0.0416667	0.479167	0.242819	0	
0.0625	0.479167	0.242655	0	
0.0833333	0.479167	0.242423	0	
0.104167	0.479167	0.242121	0	
0.125	0.479167	0.241746	0	
0.145833	0.479167	0.241294	0	
0.166667	0.479167	0.240763	0	
0.1875	0.479167	0.240148	0	
0.208333	0.479167	0.239447	0	
0.229167	0.479167	0.238656	0	
0.25	0.479167	0.237775	0	
0.270833	0.479167	0.236809	0	
0.291667	0.479167	0.235763	0	
0.3125	0.479167	0.234649	0	
0.333333	0.479167	0.233477	0	
0.354167	0.479167	0.231262	0	
0.375	0.479167	0.218896	0	
0.395833	0.479167	0.206276	0	
0.416667	0.479167	0.193173	0	
0.4375	0.479167	0.179309	0	
0.458333	0.479167	0.164366	0	
0.479167	0.479167	0.148001	0	
0.5	0.479167	0.129849	0	
0.520833	0.479167	0.109538	0	
0.541667	0.479167	0.0866939	0	
0.5625	0.479167	0.0609611	0	
0.583333	0.479167	0.0320257	0	
0.604167	0.479167	-0.000341045	0	
0.625	0.479167	-0.0362316	0	
0.645833	0.479167	-0.0755445	0	
0.666667	0.479167	-0.117943	0	
0.6875	0.479167	-0.126799	0	
0.708333	0.479167	-0.133667	0	
0.729167	0.479167	-0.142695	0	
0.75	0.479167	-0.153623	0	
0.770833	0.479167	-0.166169	0	
0.791667	0.479167	-0.180068	0	
0.8125	0.479167	-0.19509	0	
0.833333	0.479167	-0.211043	0	
0.854167	0.479167	-0.227779	0	
0.875	0.479167	-0.24518	0	
0.895833	0.479167	-0.263162	0	
0.916667	0.479167	-0.281658	0	
0.9375	0.479167	-0.300623	0	
0.958333	0.479167	-0.320023	0	
0.979167	0.479167	-0.339835	0	
1	0.479167	-0.360046	1	
0	0.5	0.246172	1	
0.0208333	0.5	0.24616	0	
0.0416667	0.5	0.246124	0	
0.0625	0.5	0.246064	0	
0.0833333	0.5	0.245981	0	
0.104167	0.5	0.245877	0	
0.125	0.5	0.245754	0	
0.145833	0.5	0.245614	0	
0.166667	0.5	0.245458	0	
0.1875	0.5	0.245287	0	
0.208333	0.5	0.245099	0	
0.229167	0.5	0.244889	0	
0.25	0.5	0.244644	0	
0.270833	0.5	0.244344	0	
0.291667	0.5	0.243959	0	
0.3125	0.5	0.243448	0	
0.333333	0.5	0.242763	0	
0.354167	0.5	0.241177	0	
0.375	0.5	0.231734	0	
0.395833	0.5	0.221672	0	
0.416667	0.5	0.210678	0	
0.4375	0.5	0.198453	0	
0.458333	0.5	0.184693	0	
0.479167	0.5	0.169083	0	
0.5	0.5	0.151286	0	
0.520833	0.5	0.130942	0	
0.541667	0.5	0.107676	0	
0.5625	0.5	0.0811107	0	
0.583333	0.5	0.0509006	0	
0.604167	0.5	0.0167828	0	
0.625	0.5	-0.0213523	0	
0.645833	0.5	-0.0633772	0	
0.666667	0.5	-0.10886	0	
0.6875	0.5	-0.118368	0	
0.708333	0.5	-0.125724	0	
0.729167	0.5	-0.135344	0	
0.75	0.5	-0.146913	0	
0.770833	0.5	-0.160104	0	
0.791667	0.5	-0.174619	0	
0.8125	0.5	-0.190203	0	
0.833333	0.5	-0.206655	0	
0.854167	0.5	-0.223822	0	
0.875	0.5	-0.241588	0	
0.895833	0.5	-0.259869	0	
0.916667	0.5	-0.278604	0	
0.9375	0.5	-0.297749	0	
0.958333	0.5	-0.317276	0	
0.979167	0.5	-0.337163	0	
1	0.5	-0.357398	1	
0	0.520833	0.24942	1	
0.0208333	0.520833	0.249428	0	
0.0416667	0.520833	0.249452	0	
0.0625	0.520833	0.249495	0	
0.0833333	0.520833	0.249559	0	
0.104167	0.520833	0.249652	0	
0.125	0.520833	0.249779	0	
0.145833	0.520833	0.249949	0	
0.166667	0.520833	0.250168	0	
0.1875	0.520833	0.250443	0	
0.208333	0.520833	0.250774	0	
0.229167	0.520833	0.251156	0	
0.25	0.520833	0.251567	0	
0.270833	0.520833	0.251965	0	
0.291667	0.520833	0.252282	0	
0.3125	0.520833	0.252422	0	
0.333333	0.520833	0.252269	0	
0.354167	0.520833	0.25138	0	
0.375	0.520833	0.245192	0	
0.395833	0.520833	0.237999	0	
0.416667	0.520833	0.229416	0	
0.4375	0.520833	0.219133	0	
0.458333	0.520833	0.206872	0	
0.479167	0.520833	0.192353	0	
0.5	0.520833	0.17527	0	
0.520833	0.520833	0.15527	0	
0.541667	0.520833	0.131958	0	
0.5625	0.520833	0.104905	0	
0.583333	0.520833	0.0736837	0	
0.604167	0.520833	0.037924	0	
0.625	0.520833	-0.00258343	0	
0.645833	0.520833	-0.0477511	0	
0.666667	0.520833	-0.0970531	0	
0.6875	0.520833	-0.107436	0	
0.708333	0.520833	-0.115518	0	
0.729167	0.520833	-0.126042	0	
0.75	0.520833	-0.13858	0	
0.770833	0.520833	-0.152717	0	
0.791667	0.520833	-0.168099	0	
0.8125	0.520833	-0.184447	0	
0.833333	0.520833	-0.201553	0	
0.854167	0.520833	-0.219267	0	
0.875	0.520833	-0.237481	0	
0.895833	0.520833	-0.256122	0	
0.916667	0.520833	-0.275139	0	
0.9375	0.520833	-0.294495	0	
0.958333	0.520833	-0.314168	0	
0.979167	0.520833	-0.334141	0	
1	0.520833	-0.354405	1	
0	0.541667	0.252652	1	
0.0208333	0.541667	0.252679	0	
0.0416667	0.541667	0.252762	0	
0.0625	0.541667	0.252903	0	
0.0833333	0.541667	0.25311	0	
0.104167	0.541667	0.253393	0	
0.125	0.541667	0.253763	0	
0.145833	0.541667	0.254234	0	
0.166667	0.541667	0.254823	0	
0.1875	0.541667	0.255542	0	
0.208333	0.541667	0.256399	0	
0.229167	0.541667	0.257394	0	
0.25	0.541667	0.258502	0	
0.270833	0.541667	0.259667	0	
0.291667	0.541667	0.260783	0	
0.3125	0.541667	0.261687	0	
0.333333	0.541667	0.262172	0	
0.354167	0.541667	0.262101	0	
0.375	0.541667	0.259654	0	
0.395833	0.541667	0.255717	0	
0.416667	0.541667	0.249855	0	
0.4375	0.541667	0.241789	0	
0.458333	0.541667	0.231307	0	
0.479167	0.541667	0.218189	0	
0.5	0.541667	0.20217	0	
0.520833	0.541667	0.182909	0	
0.541667	0.541667	0.159979	0	
0.5625	0.541667	0.132869	0	
0.583333	0.541667	0.101005	0	
0.604167	0.541667	0.0638128	0	
0.625	0.541667	0.0208454	0	
0.645833	0.541667	-0.0279905	0	
0.666667	0.541667	-0.0821251	0	
0.6875	0.541667	-0.0937127	0	
0.708333	0.541667	-0.102869	0	
0.729167	0.541667	-0.114727	0	
0.75	0.541667	-0.128649	0	
0.770833	0.541667	-0.144085	0	
0.791667	0.541667	-0.160612	0	
0.8125	0.541667	-0.177933	0	
0.833333	0.541667	-0.195843	0	
0.854167	0.541667	-0.21421	0	
0.875	0.541667	-0.232948	0	
0.895833	0.541667	-0.252	0	
0.916667	0.541667	-0.271333	0	
0.9375	0.541667	-0.290925	0	
0.958333	0.541667	-0.31076	0	
0.979167	0.541667	-0.330829	0	
1	0.541667	-0.351125	1	
0	0.5625	0.25583	1	
0.0208333	0.5625	0.255875	0	
0.0416667	0.5625	0.256013	0	
0.0625	0.5625	0.256246	0	
0.0833333	0.5625	0.256586	0	
0.104167	0.5625	0.257046	0	
0.125	0.5625	0.257645	0	
0.145833	0.5625	0.258403	0	
0.166667	0.5625	0.259347	0	
0.1875	0.5625	0.260501	0	
0.208333	0.5625	0.261888	0	
0.229167	0.5625	0.263519	0	
0.25	0.5625	0.265381	0	
0.270833	0.5625	0.267418	0	
0.291667	0.5625	0.269494	0	
0.3125	0.5625	0.271371	0	
0.333333	0.5625	0.272692	0	
0.354167	0.5625	0.273646	0	
0.375	0.5625	0.275605	0	
0.395833	0.5625	0.27536	0	
0.416667	0.5625	0.272498	0	
0.4375	0.5625	0.266863	0	
0.458333	0.5625	0.258377	0	
0.479167	0.5625	0.246927	0	
0.5	0.5625	0.232314	0	
0.520833	0.5625	0.214218	0	
0.541667	0.5625	0.192181	0	
0.5625	0.5625	0.165587	0	
0.583333	0.5625	0.133655	0	
0.604167	0.5625	0.0954771	0	
0.625	0.5625	0.0501425	0	
0.645833	0.5625	-0.00293072	0	
0.666667	0.5625	-0.063358	0	
0.6875	0.5625	-0.0767155	0	
0.708333	0.5625	-0.0875197	0	
0.729167	0.5625	-0.101346	0	
0.75	0.5625	-0.117205	0	
0.770833	0.5625	-0.134361	0	
0.791667	0.5625	-0.152334	0	
0.8125	0.5625	-0.170828	0	
0.833333	0.5625	-0.189677	0	
0.854167	0.5625	-0.208783	0	
0.875	0.5625	-0.228099	0	
0.895833	0.5625	-0.247598	0	
0.916667	0.5625	-0.26727	0	
0.9375	0.5625	-0.28711	0	
0.958333	0.5625	-0.307117	0	
0.979167	0.5625	-0.327289	0	
1	0.5625	-0.347621	1	
0	0.583333	0.258917	1	
0.0208333	0.583333	0.25898	0	
0.0416667	0.583333	0.259167	0	
0.0625	0.583333	0.259483	0	
0.0833333	0.583333	0.259942	0	
0.104167	0.583333	0.260561	0	
0.125	0.583333	0.261366	0	
0.145833	0.583333	0.262387	0	
0.166667	0.583333	0.263661	0	
0.1875	0.583333	0.265228	0	
0.208333	0.583333	0.267133	0	
0.229167	0.583333	0.269412	0	
0.25	0.583333	0.272087	0	
0.270833	0.583333	0.275128	0	
0.291667	0.583333	0.278407	0	
0.3125	0.583333	0.28161	0	
0.333333	0.583333	0.284149	0	
0.354167	0.583333	0.286506	0	
0.375	0.583333	0.29376	0	
0.395833	0.583333	0.297622	0	
0.416667	0.583333	0.297914	0	
0.4375	0.583333	0.29479	0	
0.458333	0.583333	0.288411	0	
0.479167	0.583333	0.278828	0	
0.5	0.583333	0.265939	0	
0.520833	0.583333	0.249469	0	
0.541667	0.583333	0.228941	0	
0.5625	0.583333	0.203641	0	
0.583333	0.583333	0.172551	0	
0.604167	0.583333	0.134299	0	
0.625	0.583333	0.087178	0	
0.645833	0.583333	0.0294837	0	
0.666667	0.583333	-0.0393751	0	
0.6875	0.583333	-0.0556506	0	
0.708333	0.583333	-0.069148	0	
0.729167	0.583333	-0.0859326	0	
0.75	0.583333	-0.104463	0	
0.770833	0.583333	-0.123822	0	
0.791667	0.583333	-0.143532	0	
0.8125	0.583333	-0.163371	0	
0.833333	0.583333	-0.183251	0	
0.854167	0.583333	-0.203148	0	
0.875	0.583333	-0.223066	0	
0.895833	0.583333	-0.243024	0	
0.916667	0.583333	-0.263038	0	
0.9375	0.583333	-0.283129	0	
0.958333	0.583333	-0.30331	0	
0.979167	0.583333	-0.32359	0	
1	0.583333	-0.343963	1	
0	0.604167	0.261878	1	
0.0208333	0.604167	0.26196	0	
0.0416667	0.604167	0.262192	0	
0.0625	0.604167	0.262578	0	
0.0833333	0.604167	0.263137	0	
0.104167	0.604167	0.263891	0	
0.125	0.604167	0.264872	0	
0.145833	0.604167	0.266119	0	
0.166667	0.604167	0.267681	0	
0.1875	0.604167	0.269618	0	
0.208333	0.604167	0.272002	0	
0.229167	0.604167	0.274911	0	
0.25	0.604167	0.278426	0	
0.270833	0.604167	0.2826	0	
0.291667	0.604167	0.287396	0	
0.3125	0.604167	0.292514	0	
0.333333	0.604167	0.297067	0	
0.354167	0.604167	0.301651	0	
0.375	0.604167	0.315308	0	
0.395833	0.604167	0.323452	0	
0.416667	0.604167	0.326748	0	
0.4375	0.604167	0.325971	0	
0.458333	0.604167	0.321648	0	
0.479167	0.604167	0.314035	0	
0.5	0.604167	0.303147	0	
0.520833	0.604167	0.288776	0	
0.541667	0.604167	0.270475	0	
0.5625	0.604167	0.247486	0	
0.583333	0.604167	0.218611	0	
0.604167	0.604167	0.181988	0	
0.625	0.604167	0.134787	0	
0.645833	0.604167	0.0730626	0	
0.666667	0.604167	-0.00712948	0	
0.6875	0.604167	-0.0292378	0	
0.708333	0.604167	-0.0474892	0	
0.729167	0.604167	-0.0687734	0	
0.75	0.604167	-0.0908925	0	
0.770833	0.604167	-0.112931	0	
0.791667	0.604167	-0.134601	0	
0.8125	0.604167	-0.155874	0	
0.833333	0.604167	-0.176809	0	
0.854167	0.604167	-0.19749	0	
0.875	0.604167	-0.217996	0	
0.895833	0.604167	-0.238391	0	
0.916667	0.604167	-0.25873	0	
0.9375	0.604167	-0.279057	0	
0.958333	0.604167	-0.299405	0	
0.979167	0.604167	-0.319799	0	
1	0.604167	-0.340233	1	
0	0.625	0.264676	1	
0.0208333	0.625	0.264791	0	
0.0416667	0.625	0.265061	0	
0.0625	0.625	0.265502	0	
0.0833333	0.625	0.266136	0	
0.104167	0.625	0.266994	0	
0.125	0.625	0.268111	0	
0.145833	0.625	0.269535	0	
0.166667	0.625	0.271326	0	
0.1875	0.625	0.273563	0	
0.208333	0.625	0.276346	0	
0.229167	0.625	0.279804	0	
0.25	0.625	0.284105	0	
0.270833	0.625	0.289452	0	
0.291667	0.625	0.296062	0	
0.3125	0.625	0.303982	0	
0.333333	0.625	0.312376	0	
0.354167	0.625	0.321419	0	
0.375	0.625	0.342369	0	
0.395833	0.625	0.354132	0	
0.416667	0.625	0.359655	0	
0.4375	0.625	0.360697	0	
0.458333	0.625	0.358177	0	
0.479167	0.625	0.352518	0	
0.5	0.625	0.343838	0	
0.520833	0.625	0.332015	0	
0.541667	0.625	0.316696	0	
0.5625	0.625	0.297216	0	
0.583333	0.625	0.272419	0	
0.604167	0.625	0.240255	0	
0.625	0.625	0.196919	0	
0.645833	0.625	0.13511	0	
0.666667	0.625	0.0416776	0	
0.6875	0.625	0.00434164	0	
0.708333	0.625	-0.0227973	0	
0.729167	0.625	-0.0507794	0	
0.75	0.625	-0.0774025	0	
0.770833	0.625	-0.102409	0	
0.791667	0.625	-0.126068	0	
0.8125	0.625	-0.148712	0	
0.833333	0.625	-0.170621	0	
0.854167	0.625	-0.192009	0	
0.875	0.625	-0.213035	0	
0.895833	0.625	-0.233815	0	
0.916667	0.625	-0.254435	0	
0.9375	0.625	-0.274963	0	
0.958333	0.625	-0.295453	0	
0.979167	0.625	-0.315969	0	
1	0.625	-0.336554	1	
0	0.645833	0.267242	1	
0.0208333	0.645833	0.267468	0	
0.0416667	0.645833	0.267761	0	
0.0625	0.645833	0.268231	0	
0.0833333	0.645833	0.268913	0	
0.104167	0.645833	0.269837	0	
0.125	0.645833	0.271044	0	
0.145833	0.645833	0.272583	0	
0.166667	0.645833	0.274525	0	
0.1875	0.645833	0.276961	0	
0.208333	0.645833	0.280014	0	
0.229167	0.645833	0.283855	0	
0.25	0.645833	0.288736	0	
0.270833	0.645833	0.295044	0	
0.291667	0.645833	0.303416	0	
0.3125	0.645833	0.314977	0	
0.333333	0.645833	0.331708	0	
0.354167	0.645833	0.352701	0	
0.375	0.645833	0.378616	0	
0.395833	0.645833	0.391054	0	
0.416667	0.645833	0.397043	0	
0.4375	0.645833	0.398987	0	
0.458333	0.645833	0.397845	0	
0.479167	0.645833	0.394025	0	
0.5	0.645833	0.38767	0	
0.520833	0.645833	0.378751	0	
0.541667	0.645833	0.367078	0	
0.5625	0.645833	0.352263	0	
0.583333	0.645833	0.333594	0	
0.604167	0.645833	0.309696	0	
0.625	0.645833	0.277525	0	
0.645833	0.645833	0.22878	0	
0.666667	0.645833	0.135251	0	
0.6875	0.645833	0.0456908	0	
0.708333	0.645833	0.00273791	0	
0.729167	0.645833	-0.0341444	0	
0.75	0.645833	-0.0655289	0	
0.770833	0.645833	-0.0932347	0	
0.791667	0.645833	-0.118551	0	
0.8125	0.645833	-0.142286	0	
0.833333	0.645833	-0.164955	0	
0.854167	0.645833	-0.186891	0	
0.875	0.645833	-0.20832	0	
0.895833	0.645833	-0.229398	0	
0.916667	0.645833	-0.250234	0	
0.9375	0.645833	-0.270905	0	
0.958333	0.645833	-0.291477	0	
0.979167	0.645833	-0.312069	0	
1	0.645833	-0.333228	1	
0	0.666667	0.272697	1	
0.0208333	0.666667	0.27223	0	
0.0416667	0.666667	0.272396	0	
0.0625	0.666667	0.272865	0	
0.0833333	0.666667	0.273586	0	
0.104167	0.666667	0.274572	0	
0.125	0.666667	0.27586	0	
0.145833	0.666667	0.277505	0	
0.166667	0.666667	0.27958	0	
0.1875	0.666667	0.282186	0	
0.208333	0.666667	0.285464	0	
0.229167	0.666667	0.289614	0	
0.25	0.666667	0.294953	0	
0.270833	0.666667	0.302017	0	
0.291667	0.666667	0.311863	0	
0.3125	0.666667	0.326976	0	
0.333333	0.666667	0.354508	0	
0.354167	0.666667	0.37561	0	
0.375	0.666667	0.391333	0	
0.395833	0.666667	0.400697	0	
0.416667	0.666667	0.40568	0	
0.4375	0.666667	0.407352	0	
0.458333	0.666667	0.406274	0	
0.479167	0.666667	0.402723	0	
0.5	0.666667	0.396806	0	
0.520833	0.666667	0.388501	0	
0.541667	0.666667	0.377667	0	
0.5625	0.666667	0.364024	0	
0.583333	0.666667	0.347093	0	
0.604167	0.666667	0.326083	0	
0.625	0.666667	0.299714	0	
0.645833	0.666667	0.266168	0	
0.666667	0.666667	0.22484	0	
0.6875	0.666667	0.135271	0	
0.708333	0.666667	0.0397839	0	
0.729167	0.666667	-0.0123955	0	
0.75	0.666667	-0.0496262	0	
0.770833	0.666667	-0.0802472	0	
0.791667	0.666667	-0.107324	0	
0.8125	0.666667	-0.132252	0	
0.833333	0.666667	-0.155784	0	
0.854167	0.666667	-0.178367	0	
0.875	0.666667	-0.200289	0	
0.895833	0.666667	-0.221741	0	
0.916667	0.666667	-0.242849	0	
0.9375	0.666667	-0.263683	0	
0.958333	0.666667	-0.284215	0	
0.979167	0.666667	-0.304104	0	
1	0.666667	-0.321553	1	
0	0.6875	0.296858	1	
0.0208333	0.6875	0.296843	0	
0.0416667	0.6875	0.297128	0	
0.0625	0.6875	0.297722	0	
0.0833333	0.6875	0.298625	0	
0.104167	0.6875	0.299858	0	
0.125	0.6875	0.301462	0	
0.145833	0.6875	0.303499	0	
0.166667	0.6875	0.306054	0	
0.1875	0.6875	0.309249	0	
0.208333	0.6875	0.313254	0	
0.229167	0.6875	0.318321	0	
0.25	0.6875	0.324833	0	
0.270833	0.6875	0.333418	0	
0.291667	0.6875	0.34515	0	
0.3125	0.6875	0.361919	0	
0.333333	0.6875	0.386798	0	
0.354167	0.6875	0.396129	0	
0.375	0.6875	0.403733	0	
0.395833	0.6875	0.409726	0	
0.416667	0.6875	0.413244	0	
0.4375	0.6875	0.414291	0	
0.458333	0.6875	0.413012	0	
0.479167	0.6875	0.409519	0	
0.5	0.6875	0.40386	0	
0.520833	0.6875	0.396012	0	
0.541667	0.6875	0.385879	0	
0.5625	0.6875	0.373288	0	
0.583333	0.6875	0.357984	0	
0.604167	0.6875	0.339649	0	
0.625	0.6875	0.318019	0	
0.645833	0.6875	0.293346	0	
0.666667	0.6875	0.267821	0	
0.6875	0.6875	0.230776	0	
0.708333	0.6875	0.135269	0	
0.729167	0.6875	0.0698519	0	
0.75	0.6875	0.0213138	0	
0.770833	0.6875	-0.0176767	0	
0.791667	0.6875	-0.0509441	0	
0.8125	0.6875	-0.0805591	0	
0.833333	0.6875	-0.107714	0	
0.854167	0.6875	-0.133137	0	
0.875	0.6875	-0.157293	0	
0.895833	0.6875	-0.180488	0	
0.916667	0.6875	-0.202921	0	
0.9375	0.6875	-0.224709	0	
0.958333	0.6875	-0.245885	0	
0.979167	0.6875	-0.266395	0	
1	0.6875	-0.286252	1	
0	0.708333	0.321049	1	
0.0208333	0.708333	0.321156	0	
0.0416667	0.708333	0.321553	0	
0.0625	0.708333	0.322272	0	
0.0833333	0.708333	0.323335	0	
0.104167	0.708333	0.324774	0	
0.125	0.708333	0.326632	0	
0.145833	0.708333	0.328974	0	
0.166667	0.708333	0.331889	0	
0.1875	0.708333	0.335502	0	
0.208333	0.708333	0.339985	0	
0.229167	0.708333	0.345581	0	
0.25	0.708333	0.352641	0	
0.270833	0.708333	0.361672	0	
0.291667	0.708333	0.3734	0	
0.3125	0.708333	0.388752	0	
0.333333	0.708333	0.408513	0	
0.354167	0.708333	0.41374	0	
0.375	0.708333	0.417744	0	
0.395833	0.708333	0.421229	0	
0.416667	0.708333	0.42328	0	
0.4375	0.708333	0.423556	0	
0.458333	0.708333	0.421963	0	
0.479167	0.708333	0.418481	0	
0.5	0.708333	0.413104	0	
0.520833	0.708333	0.405808	0	
0.541667	0.708333	0.396548	0	
0.5625	0.708333	0.385264	0	
0.583333	0.708333	0.371908	0	
0.604167	0.708333	0.356512	0	
0.625	0.708333	0.339365	0	
0.645833	0.708333	0.321378	0	
0.666667	0.708333	0.304743	0	
0.6875	0.708333	0.282984	0	
0.708333	0.708333	0.200664	0	
0.729167	0.708333	0.135221	0	
0.75	0.708333	0.0827065	0	
0.770833	0.708333	0.039171	0	
0.791667	0.708333	0.00178359	0	
0.8125	0.708333	-0.0313257	0	
0.833333	0.708333	-0.0613765	0	
0.854167	0.708333	-0.0891736	0	
0.875	0.708333	-0.115258	0	
0.895833	0.708333	-0.139997	0	
0.916667	0.708333	-0.163638	0	
0.9375	0.708333	-0.186346	0	
0.958333	0.708333	-0.208221	0	
0.979167	0.708333	-0.229338	0	
1	0.708333	-0.249848	1	
0	0.729167	0.345029	1	
0.0208333	0.729167	0.34518	0	
0.0416667	0.729167	0.345655	0	
0.0625	0.729167	0.346477	0	
0.0833333	0.729167	0.347671	0	
0.104167	0.729167	0.34927	0	
0.125	0.729167	0.351317	0	
0.145833	0.729167	0.353875	0	
0.166667	0.729167	0.357027	0	
0.1875	0.729167	0.360886	0	
0.208333	0.729167	0.365603	0	
0.229167	0.729167	0.371378	0	
0.25	0.729167	0.378476	0	
0.270833	0.729167	0.387232	0	
0.291667	0.729167	0.398025	0	
0.3125	0.729167	0.411176	0	
0.333333	0.729167	0.426632	0	
0.354167	0.729167	0.430023	0	
0.375	0.729167	0.432274	0	
0.395833	0.729167	0.434167	0	
0.416667	0.729167	0.435089	0	
0.4375	0.729167	0.434692	0	
0.458333	0.729167	0.432802	0	
0.479167	0.729167	0.429338	0	
0.5	0.729167	0.424266	0	
0.520833	0.729167	0.417568	0	
0.541667	0.729167	0.409242	0	
0.5625	0.729167	0.399314	0	
0.583333	0.729167	0.38787	0	
0.604167	0.729167	0.375127	0	
0.625	0.729167	0.361553	0	
0.645833	0.729167	0.348057	0	
0.666667	0.729167	0.336174	0	
0.6875	0.729167	0.32025	0	
0.708333	0.729167	0.249183	0	
0.729167	0.729167	0.187662	0	
0.75	0.729167	0.135119	0	
0.770833	0.729167	0.0898707	0	
0.791667	0.729167	0.0502328	0	
0.8125	0.729167	0.0148489	0	
0.833333	0.729167	-0.0172924	0	
0.854167	0.729167	-0.0469231	0	
0.875	0.729167	-0.0745682	0	
0.895833	0.729167	-0.100602	0	
0.916667	0.729167	-0.12529	0	
0.9375	0.729167	-0.148817	0	
0.958333	0.729167	-0.171315	0	
0.979167	0.729167	-0.192888	0	
1	0.729167	-0.213647	1	
0	0.75	0.368706	1	
0.0208333	0.75	0.36888	0	
0.0416667	0.75	0.36941	0	
0.0625	0.75	0.37031	0	
0.0833333	0.75	0.371603	0	
0.104167	0.75	0.373318	0	
0.125	0.75	0.375493	0	
0.145833	0.75	0.378184	0	
0.166667	0.75	0.381459	0	
0.1875	0.75	0.385413	0	
0.208333	0.75	0.390162	0	
0.229167	0.75	0.395853	0	
0.25	0.75	0.402656	0	
0.270833	0.75	0.410753	0	
0.291667	0.75	0.420295	0	
0.3125	0.75	0.431297	0	
0.333333	0.75	0.443471	0	
0.354167	0.75	0.445853	0	
0.375	0.75	0.447162	0	
0.395833	0.75	0.448076	0	
0.416667	0.75	0.448219	0	
0.4375	0.75	0.447321	0	
0.458333	0.75	0.445214	0	
0.479167	0.75	0.441805	0	
0.5	0.75	0.437054	0	
0.520833	0.75	0.430955	0	
0.541667	0.75	0.423537	0	
0.5625	0.75	0.414879	0	
0.583333	0.75	0.405132	0	
0.604167	0.75	0.394571	0	
0.625	0.75	0.383662	0	
0.645833	0.75	0.373122	0	
0.666667	0.75	0.36393	0	
0.6875	0.75	0.350909	0	
0.708333	0.75	0.288156	0	
0.729167	0.75	0.231125	0	
0.75	0.75	0.180238	0	
0.770833	0.75	0.13496	0	
0.791667	0.75	0.0944281	0	
0.8125	0.75	0.0577808	0	
0.833333	0.75	0.0242812	0	
0.854167	0.75	-0.00665821	0	
0.875	0.75	-0.0354897	0	
0.895833	0.75	-0.0625537	0	
0.916667	0.75	-0.0881012	0	
0.9375	0.75	-0.112316	0	
0.958333	0.75	-0.135333	0	
0.979167	0.75	-0.157251	0	
1	0.75	-0.178148	1	
0	0.770833	0.392038	1	
0.0208333	0.770833	0.392226	0	
0.0416667	0.770833	0.392794	0	
0.0625	0.770833	0.393751	0	
0.0833333	0.770833	0.395114	0	
0.104167	0.770833	0.396905	0	
0.125	0.770833	0.399155	0	
0.145833	0.770833	0.401907	0	
0.166667	0.770833	0.405214	0	
0.1875	0.770833	0.409144	0	
0.208333	0.770833	0.413781	0	
0.229167	0.770833	0.419215	0	
0.25	0.770833	0.425541	0	
0.270833	0.770833	0.432832	0	
0.291667	0.770833	0.441103	0	
0.3125	0.770833	0.450245	0	
0.333333	0.770833	0.459939	0	
0.354167	0.770833	0.461685	0	
0.375	0.770833	0.462444	0	
0.395833	0.770833	0.462755	0	
0.416667	0.770833	0.46239	0	
0.4375	0.770833	0.461159	0	
0.458333	0.770833	0.458927	0	
0.479167	0.770833	0.455616	0	
0.5	0.770833	0.451191	0	
0.520833	0.770833	0.445661	0	
0.541667	0.770833	0.439074	0	
0.5625	0.770833	0.431532	0	
0.583333	0.770833	0.423207	0	
0.604167	0.770833	0.414366	0	
0.625	0.770833	0.405402	0	
0.645833	0.770833	0.39684	0	
0.666667	0.770833	0.389296	0	
0.6875	0.770833	0.378026	0	
0.708333	0.770833	0.321409	0	
0.729167	0.770833	0.268443	0	
0.75	0.770833	0.219749	0	
0.770833	0.770833	0.175304	0	
0.791667	0.770833	0.134739	0	
0.8125	0.770833	0.0975651	0	
0.833333	0.770833	0.063295	0	
0.854167	0.770833	0.0314991	0	
0.875	0.770833	0.00182129	0	
0.895833	0.770833	-0.026021	0	
0.916667	0.770833	-0.0522451	0	
0.9375	0.770833	-0.0770142	0	
0.958333	0.770833	-0.100449	0	
0.979167	0.770833	-0.122634	0	
1	0.770833	-0.143627	1	
0	0.791667	0.414994	1	
0.0208333	0.791667	0.415192	0	
0.0416667	0.791667	0.415788	0	
0.0625	0.791667	0.416787	0	
0.0833333	0.791667	0.418198	0	
0.104167	0.791667	0.420034	0	
0.125	0.791667	0.422317	0	
0.145833	0.791667	0.425075	0	
0.166667	0.791667	0.428344	0	
0.1875	0.791667	0.43217	0	
0.208333	0.791667	0.436601	0	
0.229167	0.791667	0.441686	0	
0.25	0.791667	0.447461	0	
0.270833	0.791667	0.453931	0	
0.291667	0.791667	0.461042	0	
0.3125	0.791667	0.468642	0	
0.333333	0.791667	0.476443	0	
0.354167	0.791667	0.477755	0	
0.375	0.791667	0.478173	0	
0.395833	0.791667	0.478111	0	
0.416667	0.791667	0.477429	0	
0.4375	0.791667	0.475997	0	
0.458333	0.791667	0.473719	0	
0.479167	0.791667	0.470539	0	
0.5	0.791667	0.466434	0	
0.520833	0.791667	0.461424	0	
0.541667	0.791667	0.455566	0	
0.5625	0.791667	0.448969	0	
0.583333	0.791667	0.441797	0	
0.604167	0.791667	0.434284	0	
0.625	0.791667	0.426739	0	
0.645833	0.791667	0.419539	0	
0.666667	0.791667	0.41308	0	
0.6875	0.791667	0.402993	0	
0.708333	0.791667	0.351012	0	
0.729167	0.791667	0.301487	0	
0.75	0.791667	0.255012	0	
0.770833	0.791667	0.211768	0	
0.791667	0.791667	0.171659	0	
0.8125	0.791667	0.134445	0	
0.833333	0.791667	0.0998348	0	
0.854167	0.791667	0.0675381	0	
0.875	0.791667	0.0372965	0	
0.895833	0.791667	0.00889334	0	
0.916667	0.791667	-0.0178438	0	
0.9375	0.791667	-0.0430472	0	
0.958333	0.791667	-0.0668137	0	
0.979167	0.791667	-0.0892096	0	
1	0.791667	-0.110276	1	
0	0.8125	0.437554	1	
0.0208333	0.8125	0.437761	0	
0.0416667	0.8125	0.43838	0	
0.0625	0.8125	0.439412	0	
0.0833333	0.8125	0.440856	0	
0.104167	0.8125	0.442717	0	
0.125	0.8125	0.445003	0	
0.145833	0.8125	0.447731	0	
0.166667	0.8125	0.45092	0	
0.1875	0.8125	0.454591	0	
0.208333	0.8125	0.458769	0	
0.229167	0.8125	0.463468	0	
0.25	0.8125	0.468686	0	
0.270833	0.8125	0.474389	0	
0.291667	0.8125	0.480492	0	
0.3125	0.8125	0.486837	0	
0.333333	0.8125	0.49318	0	
0.354167	0.8125	0.494183	0	
0.375	0.8125	0.494381	0	
0.395833	0.8125	0.494089	0	
0.416667	0.8125	0.493217	0	
0.4375	0.8125	0.49168	0	
0.458333	0.8125	0.489416	0	
0.479167	0.8125	0.486385	0	
0.5	0.8125	0.482582	0	
0.520833	0.8125	0.478033	0	
0.541667	0.8125	0.472799	0	
0.5625	0.8125	0.466982	0	
0.583333	0.8125	0.460728	0	
0.604167	0.8125	0.454232	0	
0.625	0.8125	0.447733	0	
0.645833	0.8125	0.441498	0	
0.666667	0.8125	0.435793	0	
0.6875	0.8125	0.42656	0	
0.708333	0.8125	0.378159	0	
0.729167	0.8125	0.331483	0	
0.75	0.8125	0.287045	0	
0.770833	0.8125	0.245096	0	
0.791667	0.8125	0.205683	0	
0.8125	0.8125	0.168723	0	
0.833333	0.8125	0.134061	0	
0.854167	0.8125	0.101522	0	
0.875	0.8125	0.0709332	0	
0.895833	0.8125	0.0421419	0	
0.916667	0.8125	0.0150237	0	
0.9375	0.8125	-0.0105173	0	
0.958333	0.8125	-0.0345489	0	
0.979167	0.8125	-0.0571149	0	
1	0.8125	-0.0782399	1	
0	0.833333	0.459702	1	
0.0208333	0.833333	0.459918	0	
0.0416667	0.833333	0.460561	0	
0.0625	0.833333	0.461625	0	
0.0833333	0.833333	0.463098	0	
0.104167	0.833333	0.464974	0	
0.125	0.833333	0.46725	0	
0.145833	0.833333	0.469928	0	
0.166667	0.833333	0.473011	0	
0.1875	0.833333	0.476507	0	
0.208333	0.833333	0.480416	0	
0.229167	0.833333	0.484732	0	
0.25	0.833333	0.489427	0	
0.270833	0.833333	0.494448	0	
0.291667	0.833333	0.4997	0	
0.3125	0.833333	0.505036	0	
0.333333	0.833333	0.51025	0	
0.354167	0.833333	0.511026	0	
0.375	0.833333	0.51108	0	
0.395833	0.833333	0.510646	0	
0.416667	0.833333	0.509669	0	
0.4375	0.833333	0.508092	0	
0.458333	0.833333	0.505878	0	
0.479167	0.833333	0.503005	0	
0.5	0.833333	0.499478	0	
0.520833	0.833333	0.495327	0	
0.541667	0.833333	0.490614	0	
0.5625	0.833333	0.48543	0	
0.583333	0.833333	0.479902	0	
0.604167	0.833333	0.474185	0	
0.625	0.833333	0.468462	0	
0.645833	0.833333	0.462929	0	
0.666667	0.833333	0.457767	0	
0.6875	0.833333	0.449175	0	
0.708333	0.833333	0.403581	0	
0.729167	0.833333	0.359242	0	
0.75	0.833333	0.31659	0	
0.770833	0.833333	0.275889	0	
0.791667	0.833333	0.237256	0	
0.8125	0.833333	0.200701	0	
0.833333	0.833333	0.166165	0	
0.854167	0.833333	0.133556	0	
0.875	0.833333	0.102772	0	
0.895833	0.833333	0.0737179	0	
0.916667	0.833333	0.0463141	0	
0.9375	0.833333	0.0205035	0	
0.958333	0.833333	-0.0037494	0	
0.979167	0.833333	-0.0264612	0	
1	0.833333	-0.0476371	1	
0	0.854167	0.481418	1	
0.0208333	0.854167	0.481647	0	
0.0416667	0.854167	0.482323	0	
0.0625	0.854167	0.483428	0	
0.0833333	0.854167	0.484937	0	
0.104167	0.854167	0.486832	0	
0.125	0.854167	0.489095	0	
0.145833	0.854167	0.491718	0	
0.166667	0.854167	0.494692	0	
0.1875	0.854167	0.49801	0	
0.208333	0.854167	0.501658	0	
0.229167	0.854167	0.505615	0	
0.25	0.854167	0.509842	0	
0.270833	0.854167	0.514277	0	
0.291667	0.854167	0.518825	0	
0.3125	0.854167	0.523356	0	
0.333333	0.854167	0.527698	0	
0.354167	0.854167	0.528307	0	
0.375	0.854167	0.528266	0	
0.395833	0.854167	0.527749	0	
0.416667	0.854167	0.526719	0	
0.4375	0.854167	0.525143	0	
0.458333	0.854167	0.522999	0	
0.479167	0.854167	0.520279	0	
0.5	0.854167	0.516997	0	
0.520833	0.854167	0.513184	0	
0.541667	0.854167	0.5089	0	
0.5625	0.854167	0.504225	0	
0.583333	0.854167	0.499263	0	
0.604167	0.854167	0.494143	0	
0.625	0.854167	0.489002	0	
0.645833	0.854167	0.483987	0	
0.666667	0.854167	0.479228	0	
0.6875	0.854167	0.471127	0	
0.708333	0.854167	0.42775	0	
0.729167	0.854167	0.385313	0	
0.75	0.854167	0.344184	0	
0.770833	0.854167	0.304614	0	
0.791667	0.854167	0.266752	0	
0.8125	0.854167	0.23066	0	
0.833333	0.854167	0.196342	0	
0.854167	0.854167	0.163766	0	
0.875	0.854167	0.132882	0	
0.895833	0.854167	0.103643	0	
0.916667	0.854167	0.0760113	0	
0.9375	0.854167	0.0499664	0	
0.958333	0.854167	0.025509	0	
0.979167	0.854167	0.00265646	0	
1	0.854167	-0.0185699	1	
0	0.875	0.502679	1	
0.0208333	0.875	0.502928	0	
0.0416667	0.875	0.503657	0	
0.0625	0.875	0.504826	0	
0.0833333	0.875	0.506393	0	
0.104167	0.875	0.508321	0	
0.125	0.875	0.510582	0	
0.145833	0.875	0.513157	0	
0.166667	0.875	0.516029	0	
0.1875	0.875	0.519181	0	
0.208333	0.875	0.522592	0	
0.229167	0.875	0.52623	0	
0.25	0.875	0.530051	0	
0.270833	0.875	0.533992	0	
0.291667	0.875	0.537969	0	
0.3125	0.875	0.541867	0	
0.333333	0.875	0.545543	0	
0.354167	0.875	0.54603	0	
0.375	0.875	0.545928	0	
0.395833	0.875	0.545364	0	
0.416667	0.875	0.544315	0	
0.4375	0.875	0.542762	0	
0.458333	0.875	0.540695	0	
0.479167	0.875	0.538117	0	
0.5	0.875	0.535045	0	
0.520833	0.875	0.531514	0	
0.541667	0.875	0.527577	0	
0.5625	0.875	0.523305	0	
0.583333	0.875	0.518785	0	
0.604167	0.875	0.51412	0	
0.625	0.875	0.509418	0	
0.645833	0.875	0.504789	0	
0.666667	0.875	0.500331	0	
0.6875	0.875	0.492608	0	
0.708333	0.875	0.45098	0	
0.729167	0.875	0.410078	0	
0.75	0.875	0.370217	0	
0.770833	0.875	0.331632	0	
0.791667	0.875	0.294478	0	
0.8125	0.875	0.258846	0	
0.833333	0.875	0.224778	0	
0.854167	0.875	0.192282	0	
0.875	0.875	0.161348	0	
0.895833	0.875	0.131962	0	
0.916667	0.875	0.104121	0	
0.9375	0.875	0.0778416	0	
0.958333	0.875	0.0531629	0	
0.979167	0.875	0.030148	0	
1	0.875	0.00886083	1	
0	0.895833	0.523443	1	
0.0208333	0.895833	0.523731	0	
0.0416667	0.895833	0.524551	0	
0.0625	0.895833	0.525828	0	
0.0833333	0.895833	0.527488	0	
0.104167	0.895833	0.529477	0	
0.125	0.895833	0.531756	0	
0.145833	0.895833	0.5343	0	
0.166667	0.895833	0.537087	0	
0.1875	0.895833	0.540096	0	
0.208333	0.895833	0.543299	0	
0.229167	0.895833	0.546662	0	
0.25	0.895833	0.55014	0	
0.270833	0.895833	0.553674	0	
0.291667	0.895833	0.557192	0	
0.3125	0.895833	0.560602	0	
0.333333	0.895833	0.563785	0	
0.354167	0.895833	0.56419	0	
0.375	0.895833	0.564051	0	
0.395833	0.895833	0.563465	0	
0.416667	0.895833	0.562416	0	
0.4375	0.895833	0.560895	0	
0.458333	0.895833	0.558903	0	
0.479167	0.895833	0.556448	0	
0.5	0.895833	0.553552	0	
0.520833	0.895833	0.550249	0	
0.541667	0.895833	0.546589	0	
0.5625	0.895833	0.542632	0	
0.583333	0.895833	0.538453	0	
0.604167	0.895833	0.534134	0	
0.625	0.895833	0.529761	0	
0.645833	0.895833	0.52542	0	
0.666667	0.895833	0.521186	0	
0.6875	0.895833	0.513751	0	
0.708333	0.895833	0.473484	0	
0.729167	0.895833	0.433802	0	
0.75	0.895833	0.394976	0	
0.770833	0.895833	0.357219	0	
0.791667	0.895833	0.320682	0	
0.8125	0.895833	0.285469	0	
0.833333	0.895833	0.251643	0	
0.854167	0.895833	0.219237	0	
0.875	0.895833	0.188264	0	
0.895833	0.895833	0.158736	0	
0.916667	0.895833	0.130671	0	
0.9375	0.895833	0.104116	0	
0.958333	0.895833	0.0791535	0	
0.979167	0.895833	0.0559121	0	
1	0.895833	0.0345337	1	
0	0.916667	0.543635	1	
0.0208333	0.916667	0.544001	0	
0.0416667	0.916667	0.54499	0	
0.0625	0.916667	0.546448	0	
0.0833333	0.916667	0.548256	0	
0.104167	0.916667	0.550343	0	
0.125	0.916667	0.552667	0	
0.145833	0.916667	0.555201	0	
0.166667	0.916667	0.557925	0	
0.1875	0.916667	0.560816	0	
0.208333	0.916667	0.563847	0	
0.229167	0.916667	0.566981	0	
0.25	0.916667	0.570173	0	
0.270833	0.916667	0.573373	0	
0.291667	0.916667	0.576524	0	
0.3125	0.916667	0.579563	0	
0.333333	0.916667	0.582411	0	
0.354167	0.916667	0.582775	0	
0.375	0.916667	0.582622	0	
0.395833	0.916667	0.582029	0	
0.416667	0.916667	0.580988	0	
0.4375	0.916667	0.5795	0	
0.458333	0.916667	0.577573	0	
0.479167	0.916667	0.57522	0	
0.5	0.916667	0.572466	0	
0.520833	0.916667	0.569343	0	
0.541667	0.916667	0.565897	0	
0.5625	0.916667	0.562182	0	
0.583333	0.916667	0.55826	0	
0.604167	0.916667	0.554201	0	
0.625	0.916667	0.550074	0	
0.645833	0.916667	0.545944	0	
0.666667	0.916667	0.541871	0	
0.6875	0.916667	0.534643	0	
0.708333	0.916667	0.495404	0	
0.729167	0.916667	0.456669	0	
0.75	0.916667	0.418669	0	
0.770833	0.916667	0.381585	0	
0.791667	0.916667	0.345562	0	
0.8125	0.916667	0.310706	0	
0.833333	0.916667	0.277089	0	
0.854167	0.916667	0.244758	0	
0.875	0.916667	0.213737	0	
0.895833	0.916667	0.184046	0	
0.916667	0.916667	0.155712	0	
0.9375	0.916667	0.128797	0	
0.958333	0.916667	0.103423	0	
0.979167	0.916667	0.0798129	0	
1	0.916667	0.0582662	1	
0	0.9375	0.563095	1	
0.0208333	0.9375	0.563649	0	
0.0416667	0.9375	0.564962	0	
0.0625	0.9375	0.566718	0	
0.0833333	0.9375	0.568747	0	
0.104167	0.9375	0.570973	0	
0.125	0.9375	0.573367	0	
0.145833	0.9375	0.575913	0	
0.166667	0.9375	0.578597	0	
0.1875	0.9375	0.581399	0	
0.208333	0.9375	0.584292	0	
0.229167	0.9375	0.587241	0	
0.25	0.9375	0.5902	0	
0.270833	0.9375	0.593123	0	
0.291667	0.9375	0.595968	0	
0.3125	0.9375	0.598717	0	
0.333333	0.9375	0.601375	0	
0.354167	0.9375	0.601775	0	
0.375	0.9375	0.601633	0	
0.395833	0.9375	0.60104	0	
0.416667	0.9375	0.600007	0	
0.4375	0.9375	0.598545	0	
0.458333	0.9375	0.596669	0	
0.479167	0.9375	0.594395	0	
0.5	0.9375	0.591748	0	
0.520833	0.9375	0.588761	0	
0.541667	0.9375	0.585474	0	
0.5625	0.9375	0.581938	0	
0.583333	0.9375	0.578206	0	
0.604167	0.9375	0.574337	0	
0.625	0.9375	0.570389	0	
0.645833	0.9375	0.56641	0	
0.666667	0.9375	0.562443	0	
0.6875	0.9375	0.555328	0	
0.708333	0.9375	0.516819	0	
0.729167	0.9375	0.478803	0	
0.75	0.9375	0.441444	0	
0.770833	0.9375	0.404891	0	
0.791667	0.9375	0.369275	0	
0.8125	0.9375	0.334703	0	
0.833333	0.9375	0.301251	0	
0.854167	0.9375	0.268968	0	
0.875	0.9375	0.23788	0	
0.895833	0.9375	0.207998	0	
0.916667	0.9375	0.179336	0	
0.9375	0.9375	0.151935	0	
0.958333	0.9375	0.12593	0	
0.979167	0.9375	0.10165	0	
1	0.9375	0.0797216	1	
0	0.958333	0.581451	1	
0.0208333	0.958333	0.582538	0	
0.0416667	0.958333	0.584493	0	
0.0625	0.958333	0.586717	0	
0.0833333	0.958333	0.589041	0	
0.104167	0.958333	0.591437	0	
0.125	0.958333	0.593917	0	
0.145833	0.958333	0.596488	0	
0.166667	0.958333	0.59915	0	
0.1875	0.958333	0.601891	0	
0.208333	0.958333	0.604684	0	
0.229167	0.958333	0.607491	0	
0.25	0.958333	0.610265	0	
0.270833	0.958333	0.612951	0	
0.291667	0.958333	0.615508	0	
0.3125	0.958333	0.617964	0	
0.333333	0.958333	0.620523	0	
0.354167	0.958333	0.621202	0	
0.375	0.958333	0.621096	0	
0.395833	0.958333	0.620493	0	
0.416667	0.958333	0.619454	0	
0.4375	0.958333	0.618005	0	
0.458333	0.958333	0.616162	0	
0.479167	0.958333	0.613943	0	
0.5	0.958333	0.611371	0	
0.520833	0.958333	0.608478	0	
0.541667	0.958333	0.605302	0	
0.5625	0.958333	0.601889	0	
0.583333	0.958333	0.598289	0	
0.604167	0.958333	0.594554	0	
0.625	0.958333	0.590734	0	
0.645833	0.958333	0.586864	0	
0.666667	0.958333	0.582953	0	
0.6875	0.958333	0.575765	0	
0.708333	0.958333	0.537742	0	
0.729167	0.958333	0.50028	0	
0.75	0.958333	0.463414	0	
0.770833	0.958333	0.42726	0	
0.791667	0.958333	0.391946	0	
0.8125	0.958333	0.357581	0	
0.833333	0.958333	0.324244	0	
0.854167	0.958333	0.291984	0	
0.875	0.958333	0.260817	0	
0.895833	0.958333	0.230732	0	
0.916667	0.958333	0.201697	0	
0.9375	0.958333	0.173678	0	
0.958333	0.958333	0.146713	0	
0.979167	0.958333	0.121136	0	
1	0.958333	0.0981364	1	
0	0.979167	0.597635	1	
0.0208333	0.979167	0.600559	0	
0.0416667	0.979167	0.603753	0	
0.0625	0.979167	0.606618	0	
0.0833333	0.979167	0.609262	0	
0.104167	0.979167	0.611819	0	
0.125	0.979167	0.614375	0	
0.145833	0.979167	0.616973	0	
0.166667	0.979167	0.619627	0	
0.1875	0.979167	0.622331	0	
0.208333	0.979167	0.625061	0	
0.229167	0.979167	0.627777	0	
0.25	0.979167	0.630418	0	
0.270833	0.979167	0.632908	0	
0.291667	0.979167	0.635152	0	
0.3125	0.979167	0.637108	0	
0.333333	0.979167	0.639202	0	
0.354167	0.979167	0.64119	0	
0.375	0.979167	0.641056	0	
0.395833	0.979167	0.640383	0	
0.416667	0.979167	0.639311	0	
0.4375	0.979167	0.637858	0	
0.458333	0.979167	0.636031	0	
0.479167	0.979167	0.633843	0	
0.5	0.979167	0.631316	0	
0.520833	0.979167	0.628478	0	
0.541667	0.979167	0.625367	0	
0.5625	0.979167	0.622027	0	
0.583333	0.979167	0.618506	0	
0.604167	0.979167	0.614856	0	
0.625	0.979167	0.611128	0	
0.645833	0.979167	0.607361	0	
0.666667	0.979167	0.603511	0	
0.6875	0.979167	0.595599	0	
0.708333	0.979167	0.558103	0	
0.729167	0.979167	0.521163	0	
0.75	0.979167	0.484673	0	
0.770833	0.979167	0.448789	0	
0.791667	0.979167	0.413667	0	
0.8125	0.979167	0.37943	0	
0.833333	0.979167	0.346161	0	
0.854167	0.979167	0.313907	0	
0.875	0.979167	0.282672	0	
0.895833	0.979167	0.252417	0	
0.916667	0.979167	0.223043	0	
0.9375	0.979167	0.194367	0	
0.958333	0.979167	0.166109	0	
0.979167	0.979167	0.138045	0	
1	0.979167	0.111368	1	
0	1	0.607973	1	
0.0208333	1	0.618312	1	
0.0416667	1	0.623344	1	
0.0625	1	0.626741	1	
0.0833333	1	0.629571	1	
0.104167	1	0.632204	1	
0.125	1	0.634792	1	
0.145833	1	0.637401	1	
0.166667	1	0.640054	1	
0.1875	1	0.642747	1	
0.208333	1	0.645455	1	
0.229167	1	0.648137	1	
0.25	1	0.650725	1	
0.270833	1	0.65311	1	
0.291667	1	0.655086	1	
0.3125	1	0.656115	1	
0.333333	1	0.654343	1	
0.354167	1	0.662624	1	
0.375	1	0.661556	1	
0.395833	1	0.660672	1	
0.416667	1	0.659549	1	
0.4375	1	0.658086	1	
0.458333	1	0.656262	1	
0.479167	1	0.654084	1	
0.5	1	0.651571	1	
0.520833	1	0.648751	1	
0.541667	1	0.645662	1	
0.5625	1	0.642346	1	
0.583333	1	0.638852	1	
0.604167	1	0.635235	1	
0.625	1	0.631562	1	
0.645833	1	0.62794	1	
0.666667	1	0.62466	1	
0.6875	1	0.613026	1	
0.708333	1	0.57791	1	
0.729167	1	0.541594	1	
0.75	1	0.505328	1	
0.770833	1	0.469556	1	
0.791667	1	0.434504	1	
0.8125	1	0.400311	1	
0.833333	1	0.367065	1	
0.854167	1	0.33481	1	
0.875	1	0.303548	1	
0.895833	1	0.273222	1	
0.916667	1	0.24369	1	
0.9375	1	0.214637	1	
0.958333	1	0.18531	1	
0.979167	1	0.153569	1	
1	1	0.11206	1	

