0	0	0	1	
0.0285714	0	0	1	
0.0571429	0	0	1	
0.0857143	0	0	1	
0.114286	0	0	1	
0.142857	0	0	1	
0.171429	0	0	1	
0.2	0	0	1	
0.228571	0	0	1	
0.257143	0	0	1	
0.285714	0	0	1	
0.314286	0	0	1	
0.342857	0	0	1	
0.371429	0	0	1	
0.4	0	0	1	
0.428571	0	0	1	
0.457143	0	0	1	
0.485714	0	0	1	
0.514286	0	0	1	
0.542857	0	0	1	
0.571429	0	0	1	
0.6	0	0	1	
0.628571	0	0	1	
0.657143	0	0	1	
0.685714	0	0	1	
0.714286	0	0	1	
0.742857	0	0	1	
0.771429	0	0	1	
0.8	0	0	1	
0.828571	0	0	1	
0.857143	0	0	1	
0.885714	0	0	1	
0.914286	0	0	1	
0.942857	0	0	1	
0.971429	0	0	1	
1	0	0	1	
0	0.0285714	0.0170016	1	
0.0285714	0.0285714	0.0169121	0	
0.0571429	0.0285714	0.0166411	0	
0.0857143	0.0285714	0.0161817	0	
0.114286	0.0285714	0.0155228	0	
0.142857	0.0285714	0.0146509	0	
0.171429	0.0285714	0.013552	0	
0.2	0.0285714	0.0122148	0	
0.228571	0.0285714	0.0106339	0	
0.257143	0.0285714	0.00881481	0	
0.285714	0.0285714	0.00677655	0	
0.314286	0.0285714	0.00455385	0	
0.342857	0.0285714	0.00408802	0	
0.371429	0.0285714	0.00372749	0	
0.4	0.0285714	0.00325764	0	
0.428571	0.0285714	0.00269736	0	
0.457143	0.0285714	0.00206877	0	
0.485714	0.0285714	0.00139544	0	
0.514286	0.0285714	0.000701303	0	
0.542857	0.0285714	1.01354e-05	0	
0.571429	0.0285714	-0.000654826	0	
0.6	0.0285714	-0.00127152	0	
0.628571	0.0285714	-0.00182041	0	
0.657143	0.0285714	-0.00228648	0	
0.685714	0.0285714	-0.00299348	0	
0.714286	0.0285714	-0.00665305	0	
0.742857	0.0285714	-0.0102443	0	
0.771429	0.0285714	-0.0138083	0	
0.8	0.0285714	-0.0174101	0	
0.828571	0.0285714	-0.0211468	0	
0.857143	0.0285714	-0.0251632	0	
0.885714	0.0285714	-0.0296844	0	
0.914286	0.0285714	-0.035094	0	
0.942857	0.0285714	-0.0421277	0	
0.971429	0.0285714	-0.0524147	0	
1	0.0285714	-0.0701621	1	
0	0.0571429	0.0341822	1	
0.0285714	0.0571429	0.0340056	0	
0.0571429	0.0571429	0.0334708	0	
0.0857143	0.0571429	0.0325629	0	
0.114286	0.0571429	0.0312586	0	
0.142857	0.0571429	0.0295288	0	
0.171429	0.0571429	0.0273425	0	
0.2	0.0571429	0.0246731	0	
0.228571	0.0571429	0.0215062	0	
0.257143	0.0571429	0.0178488	0	
0.285714	0.0571429	0.0137375	0	
0.314286	0.0571429	0.00924344	0	
0.342857	0.0571429	0.00829878	0	
0.371429	0.0571429	0.0075643	0	
0.4	0.0571429	0.00660573	0	
0.428571	0.0571429	0.00546304	0	
0.457143	0.0571429	0.00418228	0	
0.485714	0.0571429	0.00281168	0	
0.514286	0.0571429	0.00139964	0	
0.542857	0.0571429	-5.93563e-06	0	
0.571429	0.0571429	-0.00135791	0	
0.6	0.0571429	-0.00261086	0	
0.628571	0.0571429	-0.00372362	0	
0.657143	0.0571429	-0.0046638	0	
0.685714	0.0571429	-0.00607855	0	
0.714286	0.0571429	-0.0133744	0	
0.742857	0.0571429	-0.0205158	0	
0.771429	0.0571429	-0.0275787	0	
0.8	0.0571429	-0.0346851	0	
0.828571	0.0571429	-0.0420141	0	
0.857143	0.0571429	-0.0498214	0	
0.885714	0.0571429	-0.0584805	0	
0.914286	0.0571429	-0.0685639	0	
0.942857	0.0571429	-0.0810019	0	
0.971429	0.0571429	-0.0973689	0	
1	0.0571429	-0.120263	1	
0	0.0857143	0.051716	1	
0.0285714	0.0857143	0.0514575	0	
0.0571429	0.0857143	0.0506736	0	
0.0857143	0.0857143	0.0493405	0	
0.114286	0.0857143	0.04742	0	
0.142857	0.0857143	0.0448632	0	
0.171429	0.0857143	0.0416161	0	
0.2	0.0857143	0.037629	0	
0.228571	0.0857143	0.032869	0	
0.257143	0.0857143	0.0273366	0	
0.285714	0.0857143	0.0210815	0	
0.314286	0.0857143	0.0142136	0	
0.342857	0.0857143	0.0127624	0	
0.371429	0.0857143	0.0116252	0	
0.4	0.0857143	0.0101379	0	
0.428571	0.0857143	0.00836679	0	
0.457143	0.0857143	0.00638562	0	
0.485714	0.0857143	0.00426936	0	
0.514286	0.0857143	0.00209153	0	
0.542857	0.0857143	-7.56034e-05	0	
0.571429	0.0857143	-0.00216004	0	
0.6	0.0857143	-0.00409038	0	
0.628571	0.0857143	-0.00579942	0	
0.657143	0.0857143	-0.0072318	0	
0.685714	0.0857143	-0.00935769	0	
0.714286	0.0857143	-0.0202503	0	
0.742857	0.0857143	-0.0308658	0	
0.771429	0.0857143	-0.0413056	0	
0.8	0.0857143	-0.0517376	0	
0.828571	0.0857143	-0.0624028	0	
0.857143	0.0857143	-0.0736278	0	
0.885714	0.0857143	-0.0858523	0	
0.914286	0.0857143	-0.0996792	0	
0.942857	0.0857143	-0.115947	0	
0.971429	0.0857143	-0.135796	0	
1	0.0857143	-0.160598	1	
0	0.114286	0.0697671	1	
0.0285714	0.114286	0.0694347	0	
0.0571429	0.114286	0.0684257	0	
0.0857143	0.114286	0.0667055	0	
0.114286	0.114286	0.0642177	0	
0.142857	0.114286	0.0608879	0	
0.171429	0.114286	0.0566299	0	
0.2	0.114286	0.0513578	0	
0.228571	0.114286	0.0450044	0	
0.257143	0.114286	0.037547	0	
0.285714	0.114286	0.0290381	0	
0.314286	0.114286	0.0196295	0	
0.342857	0.114286	0.0176248	0	
0.371429	0.114286	0.0160362	0	
0.4	0.114286	0.013954	0	
0.428571	0.114286	0.0114806	0	
0.457143	0.114286	0.00872405	0	
0.485714	0.114286	0.00578862	0	
0.514286	0.114286	0.00277273	0	
0.542857	0.114286	-0.00022797	0	
0.571429	0.114286	-0.00311624	0	
0.6	0.114286	-0.00579119	0	
0.628571	0.114286	-0.00815187	0	
0.657143	0.114286	-0.0101094	0	
0.685714	0.114286	-0.0129567	0	
0.714286	0.114286	-0.0274031	0	
0.742857	0.114286	-0.0413916	0	
0.771429	0.114286	-0.0550401	0	
0.8	0.114286	-0.0685567	0	
0.828571	0.114286	-0.0822317	0	
0.857143	0.114286	-0.0964346	0	
0.885714	0.114286	-0.111622	0	
0.914286	0.114286	-0.128353	0	
0.942857	0.114286	-0.14731	0	
0.971429	0.114286	-0.16927	0	
1	0.114286	-0.194979	1	
0	0.142857	0.0884833	1	
0.0285714	0.142857	0.0880886	0	
0.0571429	0.142857	0.0868892	0	
0.0857143	0.142857	0.0848381	0	
0.114286	0.142857	0.0818576	0	
0.142857	0.142857	0.0778408	0	
0.171429	0.142857	0.0726578	0	
0.2	0.142857	0.066168	0	
0.228571	0.142857	0.0582437	0	
0.257143	0.142857	0.0488091	0	
0.285714	0.142857	0.0378945	0	
0.314286	0.142857	0.0256922	0	
0.342857	0.142857	0.0230592	0	
0.371429	0.142857	0.0209406	0	
0.4	0.142857	0.0181613	0	
0.428571	0.142857	0.0148775	0	
0.457143	0.142857	0.0112414	0	
0.485714	0.142857	0.00738834	0	
0.514286	0.142857	0.00343873	0	
0.542857	0.142857	-0.000492751	0	
0.571429	0.142857	-0.00428578	0	
0.6	0.142857	-0.00780626	0	
0.628571	0.142857	-0.0109075	0	
0.657143	0.142857	-0.0134475	0	
0.685714	0.142857	-0.0170415	0	
0.714286	0.142857	-0.0350137	0	
0.742857	0.142857	-0.0522573	0	
0.771429	0.142857	-0.0689065	0	
0.8	0.142857	-0.0852173	0	
0.828571	0.142857	-0.101533	0	
0.857143	0.142857	-0.118257	0	
0.885714	0.142857	-0.135846	0	
0.914286	0.142857	-0.154803	0	
0.942857	0.142857	-0.175671	0	
0.971429	0.142857	-0.198994	0	
1	0.142857	-0.225223	1	
0	0.171429	0.107989	1	
0.0285714	0.171429	0.107548	0	
0.0571429	0.171429	0.106204	0	
0.0857143	0.171429	0.1039	0	
0.114286	0.171429	0.100534	0	
0.142857	0.171429	0.0959601	0	
0.171429	0.171429	0.0899927	0	
0.2	0.171429	0.0824128	0	
0.228571	0.171429	0.0729934	0	
0.257143	0.171429	0.0615514	0	
0.285714	0.171429	0.0480386	0	
0.314286	0.171429	0.0326665	0	
0.342857	0.171429	0.0292823	0	
0.371429	0.171429	0.0265057	0	
0.4	0.171429	0.0228732	0	
0.428571	0.171429	0.0186268	0	
0.457143	0.171429	0.0139756	0	
0.485714	0.171429	0.00908461	0	
0.514286	0.171429	0.00408663	0	
0.542857	0.171429	-0.000895982	0	
0.571429	0.171429	-0.00572786	0	
0.6	0.171429	-0.0102406	0	
0.628571	0.171429	-0.0142245	0	
0.657143	0.171429	-0.0174482	0	
0.685714	0.171429	-0.0218442	0	
0.714286	0.171429	-0.0433527	0	
0.742857	0.171429	-0.0637173	0	
0.771429	0.171429	-0.083111	0	
0.8	0.171429	-0.101873	0	
0.828571	0.171429	-0.120425	0	
0.857143	0.171429	-0.139215	0	
0.885714	0.171429	-0.158702	0	
0.914286	0.171429	-0.17934	0	
0.942857	0.171429	-0.201575	0	
0.971429	0.171429	-0.225813	0	
1	0.171429	-0.252368	1	
0	0.2	0.128378	1	
0.0285714	0.2	0.127909	0	
0.0571429	0.2	0.126481	0	
0.0857143	0.2	0.124025	0	
0.114286	0.2	0.120417	0	
0.142857	0.2	0.115473	0	
0.171429	0.2	0.10894	0	
0.2	0.2	0.100497	0	
0.228571	0.2	0.0897657	0	
0.257143	0.2	0.0763644	0	
0.285714	0.2	0.0600423	0	
0.314286	0.2	0.0409371	0	
0.342857	0.2	0.0365822	0	
0.371429	0.2	0.0329267	0	
0.4	0.2	0.0281991	0	
0.428571	0.2	0.0227808	0	
0.457143	0.2	0.0169496	0	
0.485714	0.2	0.0108879	0	
0.514286	0.2	0.00471918	0	
0.542857	0.2	-0.00144994	0	
0.571429	0.2	-0.00748911	0	
0.6	0.2	-0.0132036	0	
0.628571	0.2	-0.0183016	0	
0.657143	0.2	-0.022397	0	
0.685714	0.2	-0.0277148	0	
0.714286	0.2	-0.0528358	0	
0.742857	0.2	-0.076148	0	
0.771429	0.2	-0.097947	0	
0.8	0.2	-0.11874	0	
0.828571	0.2	-0.139077	0	
0.857143	0.2	-0.159477	0	
0.885714	0.2	-0.180407	0	
0.914286	0.2	-0.202282	0	
0.942857	0.2	-0.225475	0	
0.971429	0.2	-0.250314	0	
1	0.2	-0.277068	1	
0	0.228571	0.149705	1	
0.0285714	0.228571	0.149228	0	
0.0571429	0.228571	0.147785	0	
0.0857143	0.228571	0.145301	0	
0.114286	0.228571	0.141638	0	
0.142857	0.228571	0.136575	0	
0.171429	0.228571	0.129798	0	
0.2	0.228571	0.12087	0	
0.228571	0.228571	0.109208	0	
0.257143	0.228571	0.0940985	0	
0.285714	0.228571	0.0748291	0	
0.314286	0.228571	0.0511466	0	
0.342857	0.228571	0.0453648	0	
0.371429	0.228571	0.04042	0	
0.4	0.228571	0.0342157	0	
0.428571	0.228571	0.0273477	0	
0.457143	0.228571	0.0201542	0	
0.485714	0.228571	0.0127981	0	
0.514286	0.228571	0.00535217	0	
0.542857	0.228571	-0.00213386	0	
0.571429	0.228571	-0.00957497	0	
0.6	0.228571	-0.0167834	0	
0.628571	0.228571	-0.0233812	0	
0.657143	0.228571	-0.0287229	0	
0.685714	0.228571	-0.0352361	0	
0.714286	0.228571	-0.0641277	0	
0.742857	0.228571	-0.0900918	0	
0.771429	0.228571	-0.113789	0	
0.8	0.228571	-0.136062	0	
0.828571	0.228571	-0.157666	0	
0.857143	0.228571	-0.179209	0	
0.885714	0.228571	-0.201166	0	
0.914286	0.228571	-0.223906	0	
0.942857	0.228571	-0.247728	0	
0.971429	0.228571	-0.272901	0	
1	0.228571	-0.299718	1	
0	0.257143	0.171987	1	
0.0285714	0.257143	0.171516	0	
0.0571429	0.257143	0.170129	0	
0.0857143	0.257143	0.167758	0	
0.114286	0.257143	0.164258	0	
0.142857	0.257143	0.159392	0	
0.171429	0.257143	0.152808	0	
0.2	0.257143	0.143975	0	
0.228571	0.257143	0.132099	0	
0.257143	0.257143	0.115992	0	
0.285714	0.257143	0.0940291	0	
0.314286	0.257143	0.064603	0	
0.342857	0.257143	0.0562237	0	
0.371429	0.257143	0.0491727	0	
0.4	0.257143	0.0408959	0	
0.428571	0.257143	0.03224	0	
0.457143	0.257143	0.0235215	0	
0.485714	0.257143	0.0147982	0	
0.514286	0.257143	0.00602529	0	
0.542857	0.257143	-0.00286269	0	
0.571429	0.257143	-0.0118936	0	
0.6	0.257143	-0.0209736	0	
0.628571	0.257143	-0.0297168	0	
0.657143	0.257143	-0.037119	0	
0.685714	0.257143	-0.0455296	0	
0.714286	0.257143	-0.0783471	0	
0.742857	0.257143	-0.106302	0	
0.771429	0.257143	-0.131055	0	
0.8	0.257143	-0.154052	0	
0.828571	0.257143	-0.176315	0	
0.857143	0.257143	-0.198528	0	
0.885714	0.257143	-0.221141	0	
0.914286	0.257143	-0.244447	0	
0.942857	0.257143	-0.26863	0	
0.971429	0.257143	-0.293844	0	
1	0.257143	-0.320445	1	
0	0.285714	0.195211	1	
0.0285714	0.285714	0.194719	0	
0.0571429	0.285714	0.193455	0	
0.0857143	0.285714	0.191346	0	
0.114286	0.285714	0.188243	0	
0.142857	0.285714	0.183928	0	
0.171429	0.285714	0.178065	0	
0.2	0.285714	0.170126	0	
0.228571	0.285714	0.159219	0	
0.257143	0.285714	0.143744	0	
0.285714	0.285714	0.120692	0	
0.314286	0.285714	0.0847236	0	
0.342857	0.285714	0.0699558	0	
0.371429	0.285714	0.0591513	0	
0.4	0.285714	0.0479553	0	
0.428571	0.285714	0.0371949	0	
0.457143	0.285714	0.0268935	0	
0.485714	0.285714	0.0168478	0	
0.514286	0.285714	0.00681355	0	
0.542857	0.285714	-0.00344861	0	
0.571429	0.285714	-0.014163	0	
0.6	0.285714	-0.0255007	0	
0.628571	0.285714	-0.0373935	0	
0.657143	0.285714	-0.0487812	0	
0.685714	0.285714	-0.0611995	0	
0.714286	0.285714	-0.0974285	0	
0.742857	0.285714	-0.125715	0	
0.771429	0.285714	-0.150078	0	
0.8	0.285714	-0.172776	0	
0.828571	0.285714	-0.195015	0	
0.857143	0.285714	-0.217446	0	
0.885714	0.285714	-0.240423	0	
0.914286	0.285714	-0.26411	0	
0.942857	0.285714	-0.288499	0	
0.971429	0.285714	-0.313401	0	
1	0.285714	-0.338817	1	
0	0.314286	0.219422	1	
0.0285714	0.314286	0.218693	0	
0.0571429	0.314286	0.217629	0	
0.0857143	0.314286	0.215928	0	
0.114286	0.314286	0.213442	0	
0.142857	0.314286	0.21001	0	
0.171429	0.314286	0.205399	0	
0.2	0.314286	0.199244	0	
0.228571	0.314286	0.190908	0	
0.257143	0.314286	0.179071	0	
0.285714	0.314286	0.160272	0	
0.314286	0.314286	0.122946	0	
0.342857	0.314286	0.0868434	0	
0.371429	0.314286	0.0695214	0	
0.4	0.314286	0.0545791	0	
0.428571	0.314286	0.0416908	0	
0.457143	0.314286	0.03001	0	
0.485714	0.314286	0.0188858	0	
0.514286	0.314286	0.00782978	0	
0.542857	0.314286	-0.00358229	0	
0.571429	0.314286	-0.015809	0	
0.6	0.314286	-0.0294728	0	
0.628571	0.314286	-0.0455754	0	
0.657143	0.314286	-0.0658052	0	
0.685714	0.314286	-0.0896982	0	
0.714286	0.314286	-0.124453	0	
0.742857	0.314286	-0.149051	0	
0.771429	0.314286	-0.170764	0	
0.8	0.314286	-0.191959	0	
0.828571	0.314286	-0.213522	0	
0.857143	0.314286	-0.235819	0	
0.885714	0.314286	-0.258996	0	
0.914286	0.314286	-0.283069	0	
0.942857	0.314286	-0.307856	0	
0.971429	0.314286	-0.332445	0	
1	0.314286	-0.352462	1	
0	0.342857	0.223401	1	
0.0285714	0.342857	0.223204	0	
0.0571429	0.342857	0.222313	0	
0.0857143	0.342857	0.220754	0	
0.114286	0.342857	0.218454	0	
0.142857	0.342857	0.215289	0	
0.171429	0.342857	0.211071	0	
0.2	0.342857	0.20553	0	
0.228571	0.342857	0.198262	0	
0.257143	0.342857	0.188659	0	
0.285714	0.342857	0.175889	0	
0.314286	0.342857	0.15961	0	
0.342857	0.342857	0.123436	0	
0.371429	0.342857	0.0846986	0	
0.4	0.342857	0.0634479	0	
0.428571	0.342857	0.0479991	0	
0.457143	0.342857	0.0348161	0	
0.485714	0.342857	0.0224858	0	
0.514286	0.342857	0.0102278	0	
0.542857	0.342857	-0.00256627	0	
0.571429	0.342857	-0.016581	0	
0.6	0.342857	-0.0329256	0	
0.628571	0.342857	-0.054073	0	
0.657143	0.342857	-0.0871489	0	
0.685714	0.342857	-0.111357	0	
0.714286	0.342857	-0.133983	0	
0.742857	0.342857	-0.154604	0	
0.771429	0.342857	-0.174762	0	
0.8	0.342857	-0.195279	0	
0.828571	0.342857	-0.216553	0	
0.857143	0.342857	-0.238759	0	
0.885714	0.342857	-0.261965	0	
0.914286	0.342857	-0.286192	0	
0.942857	0.342857	-0.311466	0	
0.971429	0.342857	-0.337985	0	
1	0.342857	-0.367006	1	
0	0.371429	0.226523	1	
0.0285714	0.371429	0.226275	0	
0.0571429	0.371429	0.225458	0	
0.0857143	0.371429	0.224037	0	
0.114286	0.371429	0.221946	0	
0.142857	0.371429	0.219086	0	
0.171429	0.371429	0.215316	0	
0.2	0.371429	0.210455	0	
0.228571	0.371429	0.204291	0	
0.257143	0.371429	0.196623	0	
0.285714	0.371429	0.187462	0	
0.314286	0.371429	0.177607	0	
0.342857	0.371429	0.162843	0	
0.371429	0.371429	0.124456	0	
0.4	0.371429	0.0977216	0	
0.428571	0.371429	0.0770303	0	
0.457143	0.371429	0.0591183	0	
0.485714	0.371429	0.0421053	0	
0.514286	0.371429	0.0247575	0	
0.542857	0.371429	0.00607364	0	
0.571429	0.371429	-0.0150025	0	
0.6	0.371429	-0.0399089	0	
0.628571	0.371429	-0.070988	0	
0.657143	0.371429	-0.112205	0	
0.685714	0.371429	-0.126504	0	
0.714286	0.371429	-0.140927	0	
0.742857	0.371429	-0.158054	0	
0.771429	0.371429	-0.176654	0	
0.8	0.371429	-0.196462	0	
0.828571	0.371429	-0.217428	0	
0.857143	0.371429	-0.239526	0	
0.885714	0.371429	-0.262731	0	
0.914286	0.371429	-0.28702	0	
0.942857	0.371429	-0.312393	0	
0.971429	0.371429	-0.338904	0	
1	0.371429	-0.366605	1	
0	0.4	0.230141	1	
0.0285714	0.4	0.229913	0	
0.0571429	0.4	0.229207	0	
0.0857143	0.4	0.22799	0	
0.114286	0.4	0.226209	0	
0.142857	0.4	0.223792	0	
0.171429	0.4	0.22065	0	
0.2	0.4	0.216685	0	
0.228571	0.4	0.211822	0	
0.257143	0.4	0.206081	0	
0.285714	0.4	0.199729	0	
0.314286	0.4	0.193564	0	
0.342857	0.4	0.185123	0	
0.371429	0.4	0.152562	0	
0.4	0.4	0.125952	0	
0.428571	0.4	0.103283	0	
0.457143	0.4	0.0825215	0	
0.485714	0.4	0.0620597	0	
0.514286	0.4	0.0406234	0	
0.542857	0.4	0.0171059	0	
0.571429	0.4	-0.00959336	0	
0.6	0.4	-0.0407194	0	
0.628571	0.4	-0.0777653	0	
0.657143	0.4	-0.122289	0	
0.685714	0.4	-0.133935	0	
0.714286	0.4	-0.145168	0	
0.742857	0.4	-0.16003	0	
0.771429	0.4	-0.177337	0	
0.8	0.4	-0.196489	0	
0.828571	0.4	-0.217169	0	
0.857143	0.4	-0.239186	0	
0.885714	0.4	-0.262413	0	
0.914286	0.4	-0.286763	0	
0.942857	0.4	-0.312182	0	
0.971429	0.4	-0.338634	0	
1	0.4	-0.366048	1	
0	0.428571	0.234214	1	
0.0285714	0.428571	0.23403	0	
0.0571429	0.428571	0.233469	0	
0.0857143	0.428571	0.232506	0	
0.114286	0.428571	0.231107	0	
0.142857	0.428571	0.229225	0	
0.171429	0.428571	0.226808	0	
0.2	0.428571	0.223813	0	
0.228571	0.428571	0.220233	0	
0.257143	0.428571	0.216148	0	
0.285714	0.428571	0.21181	0	
0.314286	0.428571	0.20773	0	
0.342857	0.428571	0.201857	0	
0.371429	0.428571	0.174717	0	
0.4	0.428571	0.150242	0	
0.428571	0.428571	0.127626	0	
0.457143	0.428571	0.105626	0	
0.485714	0.428571	0.0829886	0	
0.514286	0.428571	0.0585706	0	
0.542857	0.428571	0.0313202	0	
0.571429	0.428571	0.00024271	0	
0.6	0.428571	-0.03561	0	
0.628571	0.428571	-0.0770649	0	
0.657143	0.428571	-0.124559	0	
0.685714	0.428571	-0.135689	0	
0.714286	0.428571	-0.145777	0	
0.742857	0.428571	-0.159563	0	
0.771429	0.428571	-0.176175	0	
0.8	0.428571	-0.194989	0	
0.828571	0.428571	-0.215574	0	
0.857143	0.428571	-0.237636	0	
0.885714	0.428571	-0.260971	0	
0.914286	0.428571	-0.285437	0	
0.942857	0.428571	-0.310938	0	
0.971429	0.428571	-0.337403	0	
1	0.428571	-0.364765	1	
0	0.457143	0.238655	1	
0.0285714	0.457143	0.238525	0	
0.0571429	0.457143	0.238131	0	
0.0857143	0.457143	0.237459	0	
0.114286	0.457143	0.236488	0	
0.142857	0.457143	0.235192	0	
0.171429	0.457143	0.233544	0	
0.2	0.457143	0.231527	0	
0.228571	0.457143	0.229147	0	
0.257143	0.457143	0.226467	0	
0.285714	0.457143	0.223634	0	
0.314286	0.457143	0.220897	0	
0.342857	0.457143	0.216525	0	
0.371429	0.457143	0.194209	0	
0.4	0.457143	0.172672	0	
0.428571	0.457143	0.151356	0	
0.457143	0.457143	0.129366	0	
0.485714	0.457143	0.105699	0	
0.514286	0.457143	0.0793504	0	
0.542857	0.457143	0.049362	0	
0.571429	0.457143	0.0148542	0	
0.6	0.457143	-0.0248983	0	
0.628571	0.457143	-0.0703253	0	
0.657143	0.457143	-0.12134	0	
0.685714	0.457143	-0.132775	0	
0.714286	0.457143	-0.142691	0	
0.742857	0.457143	-0.156267	0	
0.771429	0.457143	-0.172812	0	
0.8	0.457143	-0.191716	0	
0.828571	0.457143	-0.212501	0	
0.857143	0.457143	-0.234813	0	
0.885714	0.457143	-0.258397	0	
0.914286	0.457143	-0.283077	0	
0.942857	0.457143	-0.30873	0	
0.971429	0.457143	-0.335274	0	
1	0.457143	-0.362649	1	
0	0.485714	0.243355	1	
0.0285714	0.485714	0.243285	0	
0.0571429	0.485714	0.243072	0	
0.0857143	0.485714	0.242711	0	
0.114286	0.485714	0.242194	0	
0.142857	0.485714	0.241511	0	
0.171429	0.485714	0.24065	0	
0.2	0.485714	0.239602	0	
0.228571	0.485714	0.238363	0	
0.257143	0.485714	0.23694	0	
0.285714	0.485714	0.23536	0	
0.314286	0.485714	0.233671	0	
0.342857	0.485714	0.230504	0	
0.371429	0.485714	0.212923	0	
0.4	0.485714	0.194881	0	
0.428571	0.485714	0.17576	0	
0.457143	0.485714	0.154784	0	
0.485714	0.485714	0.131089	0	
0.514286	0.485714	0.103771	0	
0.542857	0.485714	0.0719233	0	
0.571429	0.485714	0.0347105	0	
0.6	0.485714	-0.00851195	0	
0.628571	0.485714	-0.0579976	0	
0.657143	0.485714	-0.113371	0	
0.685714	0.485714	-0.125594	0	
0.714286	0.485714	-0.135944	0	
0.742857	0.485714	-0.150004	0	
0.771429	0.485714	-0.16709	0	
0.8	0.485714	-0.186563	0	
0.828571	0.485714	-0.207903	0	
0.857143	0.485714	-0.230717	0	
0.885714	0.485714	-0.254728	0	
0.914286	0.485714	-0.279743	0	
0.942857	0.485714	-0.305633	0	
0.971429	0.485714	-0.332312	0	
1	0.485714	-0.35973	1	
0	0.514286	0.248196	1	
0.0285714	0.514286	0.248187	0	
0.0571429	0.514286	0.24816	0	
0.0857143	0.514286	0.248118	0	
0.114286	0.514286	0.248066	0	
0.142857	0.514286	0.248007	0	
0.171429	0.514286	0.247943	0	
0.2	0.514286	0.247869	0	
0.228571	0.514286	0.247762	0	
0.257143	0.514286	0.247569	0	
0.285714	0.514286	0.247196	0	
0.314286	0.514286	0.246509	0	
0.342857	0.514286	0.244545	0	
0.371429	0.514286	0.232098	0	
0.4	0.514286	0.218169	0	
0.428571	0.514286	0.202019	0	
0.457143	0.514286	0.182921	0	
0.485714	0.514286	0.160104	0	
0.514286	0.514286	0.13272	0	
0.542857	0.514286	0.0998503	0	
0.571429	0.514286	0.0605767	0	
0.6	0.514286	0.0141379	0	
0.628571	0.514286	-0.0397819	0	
0.657143	0.514286	-0.100662	0	
0.685714	0.514286	-0.114144	0	
0.714286	0.514286	-0.125488	0	
0.742857	0.514286	-0.140714	0	
0.771429	0.514286	-0.15898	0	
0.8	0.514286	-0.179543	0	
0.828571	0.514286	-0.201829	0	
0.857143	0.514286	-0.225425	0	
0.885714	0.514286	-0.250055	0	
0.914286	0.514286	-0.275535	0	
0.942857	0.514286	-0.301745	0	
0.971429	0.514286	-0.328612	0	
1	0.514286	-0.356091	1	
0	0.542857	0.253055	1	
0.0285714	0.542857	0.253107	0	
0.0571429	0.542857	0.253264	0	
0.0857143	0.542857	0.253537	0	
0.114286	0.542857	0.253944	0	
0.142857	0.542857	0.254507	0	
0.171429	0.542857	0.255247	0	
0.2	0.542857	0.25617	0	
0.228571	0.542857	0.257247	0	
0.257143	0.542857	0.258377	0	
0.285714	0.542857	0.259347	0	
0.314286	0.542857	0.25981	0	
0.342857	0.542857	0.259244	0	
0.371429	0.542857	0.252755	0	
0.4	0.542857	0.24368	0	
0.428571	0.542857	0.231226	0	
0.457143	0.542857	0.214778	0	
0.485714	0.542857	0.193687	0	
0.514286	0.542857	0.167154	0	
0.542857	0.542857	0.134181	0	
0.571429	0.542857	0.0936082	0	
0.6	0.542857	0.0442689	0	
0.628571	0.542857	-0.014606	0	
0.657143	0.542857	-0.082643	0	
0.685714	0.542857	-0.0980727	0	
0.714286	0.542857	-0.111149	0	
0.742857	0.542857	-0.128383	0	
0.771429	0.542857	-0.148574	0	
0.8	0.542857	-0.170802	0	
0.828571	0.542857	-0.194443	0	
0.857143	0.542857	-0.2191	0	
0.885714	0.542857	-0.244533	0	
0.914286	0.542857	-0.270595	0	
0.942857	0.542857	-0.297201	0	
0.971429	0.542857	-0.324299	0	
1	0.542857	-0.351856	1	
0	0.571429	0.257811	1	
0.0285714	0.571429	0.257921	0	
0.0571429	0.571429	0.258252	0	
0.0857143	0.571429	0.258822	0	
0.114286	0.571429	0.259666	0	
0.142857	0.571429	0.26083	0	
0.171429	0.571429	0.262367	0	
0.2	0.571429	0.264317	0	
0.228571	0.571429	0.266678	0	
0.257143	0.571429	0.269346	0	
0.285714	0.571429	0.272005	0	
0.314286	0.571429	0.27402	0	
0.342857	0.571429	0.275296	0	
0.371429	0.571429	0.275997	0	
0.4	0.571429	0.272569	0	
0.428571	0.571429	0.264427	0	
0.457143	0.571429	0.251277	0	
0.485714	0.571429	0.232713	0	
0.514286	0.571429	0.208028	0	
0.542857	0.571429	0.176114	0	
0.571429	0.571429	0.135406	0	
0.6	0.571429	0.0839359	0	
0.628571	0.571429	0.0197321	0	
0.657143	0.571429	-0.0578938	0	
0.685714	0.571429	-0.0766019	0	
0.714286	0.571429	-0.092651	0	
0.742857	0.571429	-0.113097	0	
0.771429	0.571429	-0.136131	0	
0.8	0.571429	-0.160647	0	
0.828571	0.571429	-0.18604	0	
0.857143	0.571429	-0.212001	0	
0.885714	0.571429	-0.23838	0	
0.914286	0.571429	-0.265111	0	
0.942857	0.571429	-0.292165	0	
0.971429	0.571429	-0.319527	0	
1	0.571429	-0.347177	1	
0	0.6	0.262347	1	
0.0285714	0.6	0.262514	0	
0.0571429	0.6	0.263	0	
0.0857143	0.6	0.263833	0	
0.114286	0.6	0.265068	0	
0.142857	0.6	0.266782	0	
0.171429	0.6	0.269073	0	
0.2	0.6	0.272051	0	
0.228571	0.6	0.275804	0	
0.257143	0.6	0.280324	0	
0.285714	0.6	0.285308	0	
0.314286	0.6	0.289775	0	
0.342857	0.6	0.293875	0	
0.371429	0.6	0.303369	0	
0.4	0.6	0.306174	0	
0.428571	0.6	0.302635	0	
0.457143	0.6	0.29319	0	
0.485714	0.6	0.277861	0	
0.514286	0.6	0.256133	0	
0.542857	0.6	0.22684	0	
0.571429	0.6	0.187965	0	
0.6	0.6	0.136337	0	
0.628571	0.6	0.0674925	0	
0.657143	0.6	-0.0230368	0	
0.685714	0.6	-0.0483552	0	
0.714286	0.6	-0.0697563	0	
0.742857	0.6	-0.0952218	0	
0.771429	0.6	-0.122206	0	
0.8	0.6	-0.149616	0	
0.828571	0.6	-0.17707	0	
0.857143	0.6	-0.204482	0	
0.885714	0.6	-0.231876	0	
0.914286	0.6	-0.259304	0	
0.942857	0.6	-0.286821	0	
0.971429	0.6	-0.314468	0	
1	0.6	-0.342243	1	
0	0.628571	0.26655	1	
0.0285714	0.628571	0.266787	0	
0.0571429	0.628571	0.267402	0	
0.0857143	0.628571	0.268443	0	
0.114286	0.628571	0.26999	0	
0.142857	0.628571	0.272156	0	
0.171429	0.628571	0.275094	0	
0.2	0.628571	0.27901	0	
0.228571	0.628571	0.284164	0	
0.257143	0.628571	0.290836	0	
0.285714	0.628571	0.299129	0	
0.314286	0.628571	0.308131	0	
0.342857	0.628571	0.317676	0	
0.371429	0.628571	0.337432	0	
0.4	0.628571	0.346122	0	
0.428571	0.628571	0.346752	0	
0.457143	0.628571	0.340986	0	
0.485714	0.628571	0.329408	0	
0.514286	0.628571	0.311802	0	
0.542857	0.628571	0.287147	0	
0.571429	0.628571	0.253277	0	
0.6	0.628571	0.205956	0	
0.628571	0.628571	0.136937	0	
0.657143	0.628571	0.0313092	0	
0.685714	0.628571	-0.0113133	0	
0.714286	0.628571	-0.0427973	0	
0.742857	0.628571	-0.0758277	0	
0.771429	0.628571	-0.107856	0	
0.8	0.628571	-0.138541	0	
0.828571	0.628571	-0.168141	0	
0.857143	0.628571	-0.196982	0	
0.885714	0.628571	-0.225337	0	
0.914286	0.628571	-0.253408	0	
0.942857	0.628571	-0.281346	0	
0.971429	0.628571	-0.309282	0	
1	0.628571	-0.337303	1	
0	0.657143	0.270277	1	
0.0285714	0.657143	0.270684	0	
0.0571429	0.657143	0.271378	0	
0.0857143	0.657143	0.272546	0	
0.114286	0.657143	0.274294	0	
0.142857	0.657143	0.276758	0	
0.171429	0.657143	0.280137	0	
0.2	0.657143	0.284731	0	
0.228571	0.657143	0.291005	0	
0.257143	0.657143	0.299729	0	
0.285714	0.657143	0.312241	0	
0.314286	0.657143	0.330903	0	
0.342857	0.657143	0.354571	0	
0.371429	0.657143	0.382563	0	
0.4	0.657143	0.39413	0	
0.428571	0.657143	0.397265	0	
0.457143	0.657143	0.394593	0	
0.485714	0.657143	0.386985	0	
0.514286	0.657143	0.374521	0	
0.542857	0.657143	0.356671	0	
0.571429	0.657143	0.332042	0	
0.6	0.657143	0.297272	0	
0.628571	0.657143	0.242992	0	
0.657143	0.657143	0.137173	0	
0.685714	0.657143	0.0351894	0	
0.714286	0.657143	-0.0142917	0	
0.742857	0.657143	-0.057436	0	
0.771429	0.657143	-0.0948479	0	
0.8	0.657143	-0.128553	0	
0.828571	0.657143	-0.159969	0	
0.857143	0.657143	-0.189969	0	
0.885714	0.657143	-0.219083	0	
0.914286	0.657143	-0.247644	0	
0.942857	0.657143	-0.275873	0	
0.971429	0.657143	-0.304012	0	
1	0.657143	-0.332849	1	
0	0.685714	0.277869	1	
0.0285714	0.685714	0.277323	0	
0.0571429	0.685714	0.277877	0	
0.0857143	0.685714	0.279109	0	
0.114286	0.685714	0.281012	0	
0.142857	0.685714	0.28371	0	
0.171429	0.685714	0.287429	0	
0.2	0.685714	0.292535	0	
0.228571	0.685714	0.299659	0	
0.257143	0.685714	0.310041	0	
0.285714	0.685714	0.326575	0	
0.314286	0.685714	0.357548	0	
0.342857	0.685714	0.381419	0	
0.371429	0.685714	0.398234	0	
0.4	0.685714	0.406691	0	
0.428571	0.685714	0.409089	0	
0.457143	0.685714	0.406584	0	
0.485714	0.685714	0.399661	0	
0.514286	0.685714	0.388372	0	
0.542857	0.685714	0.372394	0	
0.571429	0.685714	0.350972	0	
0.6	0.685714	0.322744	0	
0.628571	0.685714	0.285701	0	
0.657143	0.685714	0.239186	0	
0.685714	0.685714	0.137171	0	
0.714286	0.685714	0.0277436	0	
0.742857	0.685714	-0.0328557	0	
0.771429	0.685714	-0.0769262	0	
0.8	0.685714	-0.113928	0	
0.828571	0.685714	-0.147302	0	
0.857143	0.685714	-0.178586	0	
0.885714	0.685714	-0.208569	0	
0.914286	0.685714	-0.237676	0	
0.942857	0.685714	-0.266059	0	
0.971429	0.685714	-0.293352	0	
1	0.685714	-0.317152	1	
0	0.714286	0.310966	1	
0.0285714	0.714286	0.311088	0	
0.0571429	0.714286	0.311927	0	
0.0857143	0.714286	0.31353	0	
0.114286	0.714286	0.315971	0	
0.142857	0.714286	0.319399	0	
0.171429	0.714286	0.324072	0	
0.2	0.714286	0.33041	0	
0.228571	0.714286	0.339111	0	
0.257143	0.714286	0.351376	0	
0.285714	0.714286	0.369313	0	
0.314286	0.714286	0.396288	0	
0.342857	0.714286	0.406374	0	
0.371429	0.714286	0.413957	0	
0.4	0.714286	0.418751	0	
0.428571	0.714286	0.419759	0	
0.457143	0.714286	0.416934	0	
0.485714	0.714286	0.410346	0	
0.514286	0.714286	0.399975	0	
0.542857	0.714286	0.385669	0	
0.571429	0.714286	0.367168	0	
0.6	0.714286	0.344246	0	
0.628571	0.714286	0.317243	0	
0.657143	0.714286	0.288684	0	
0.685714	0.714286	0.246544	0	
0.714286	0.714286	0.136868	0	
0.742857	0.714286	0.0610136	0	
0.771429	0.714286	0.00397108	0	
0.8	0.714286	-0.0425566	0	
0.828571	0.714286	-0.0828619	0	
0.857143	0.714286	-0.119229	0	
0.885714	0.714286	-0.152926	0	
0.914286	0.714286	-0.184666	0	
0.942857	0.714286	-0.214809	0	
0.971429	0.714286	-0.243457	0	
1	0.714286	-0.270716	1	
0	0.742857	0.34382	1	
0.0285714	0.742857	0.344139	0	
0.0571429	0.742857	0.345211	0	
0.0857143	0.742857	0.347115	0	
0.114286	0.742857	0.349942	0	
0.142857	0.742857	0.353843	0	
0.171429	0.742857	0.35905	0	
0.2	0.742857	0.365923	0	
0.228571	0.742857	0.374999	0	
0.257143	0.742857	0.387042	0	
0.285714	0.742857	0.403012	0	
0.314286	0.742857	0.423632	0	
0.342857	0.742857	0.428932	0	
0.371429	0.742857	0.432468	0	
0.4	0.742857	0.434599	0	
0.428571	0.742857	0.434261	0	
0.457143	0.742857	0.431046	0	
0.485714	0.742857	0.424813	0	
0.514286	0.742857	0.415512	0	
0.542857	0.742857	0.403139	0	
0.571429	0.742857	0.387786	0	
0.6	0.742857	0.369829	0	
0.628571	0.742857	0.350342	0	
0.657143	0.742857	0.331849	0	
0.685714	0.742857	0.30708	0	
0.714286	0.742857	0.212171	0	
0.742857	0.742857	0.136071	0	
0.771429	0.742857	0.0743538	0	
0.8	0.742857	0.0225923	0	
0.828571	0.742857	-0.0223595	0	
0.857143	0.742857	-0.0625417	0	
0.885714	0.742857	-0.0992403	0	
0.914286	0.742857	-0.133252	0	
0.942857	0.742857	-0.165056	0	
0.971429	0.742857	-0.19495	0	
1	0.742857	-0.223239	1	
0	0.771429	0.376037	1	
0.0285714	0.771429	0.376435	0	
0.0571429	0.771429	0.377665	0	
0.0857143	0.771429	0.379776	0	
0.114286	0.771429	0.382842	0	
0.142857	0.771429	0.386979	0	
0.171429	0.771429	0.392361	0	
0.2	0.771429	0.399235	0	
0.228571	0.771429	0.407921	0	
0.257143	0.771429	0.418778	0	
0.285714	0.771429	0.432064	0	
0.314286	0.771429	0.447563	0	
0.342857	0.771429	0.45076	0	
0.371429	0.771429	0.452385	0	
0.4	0.771429	0.452914	0	
0.428571	0.771429	0.451641	0	
0.457143	0.771429	0.448177	0	
0.485714	0.771429	0.442348	0	
0.514286	0.771429	0.434121	0	
0.542857	0.771429	0.423588	0	
0.571429	0.771429	0.411009	0	
0.6	0.771429	0.396942	0	
0.628571	0.771429	0.382445	0	
0.657143	0.771429	0.369287	0	
0.685714	0.771429	0.351088	0	
0.714286	0.771429	0.268663	0	
0.742857	0.771429	0.196747	0	
0.771429	0.771429	0.134781	0	
0.8	0.771429	0.0809318	0	
0.828571	0.771429	0.0333737	0	
0.857143	0.771429	-0.00933782	0	
0.885714	0.771429	-0.0482414	0	
0.914286	0.771429	-0.0840445	0	
0.942857	0.771429	-0.117211	0	
0.971429	0.771429	-0.148047	0	
1	0.771429	-0.176786	1	
0	0.8	0.407459	1	
0.0285714	0.8	0.407902	0	
0.0571429	0.8	0.409237	0	
0.0857143	0.8	0.411482	0	
0.114286	0.8	0.414672	0	
0.142857	0.8	0.418872	0	
0.171429	0.8	0.424182	0	
0.2	0.8	0.430736	0	
0.228571	0.8	0.438673	0	
0.257143	0.8	0.448088	0	
0.285714	0.8	0.458901	0	
0.314286	0.8	0.47066	0	
0.342857	0.8	0.472743	0	
0.371429	0.8	0.4734	0	
0.4	0.8	0.473029	0	
0.428571	0.8	0.471213	0	
0.457143	0.8	0.467673	0	
0.485714	0.8	0.46228	0	
0.514286	0.8	0.455038	0	
0.542857	0.8	0.446083	0	
0.571429	0.8	0.43572	0	
0.6	0.8	0.424485	0	
0.628571	0.8	0.413209	0	
0.657143	0.8	0.40302	0	
0.685714	0.8	0.38803	0	
0.714286	0.8	0.314647	0	
0.742857	0.8	0.247474	0	
0.771429	0.8	0.187091	0	
0.8	0.8	0.132981	0	
0.828571	0.8	0.0842607	0	
0.857143	0.8	0.0400585	0	
0.885714	0.8	-0.000342784	0	
0.914286	0.8	-0.0374736	0	
0.942857	0.8	-0.0716962	0	
0.971429	0.8	-0.103242	0	
1	0.8	-0.132255	1	
0	0.828571	0.437997	1	
0.0285714	0.828571	0.438476	0	
0.0571429	0.828571	0.439899	0	
0.0857143	0.828571	0.442243	0	
0.114286	0.828571	0.445491	0	
0.142857	0.828571	0.449653	0	
0.171429	0.828571	0.45476	0	
0.2	0.828571	0.460852	0	
0.228571	0.828571	0.467948	0	
0.257143	0.828571	0.475998	0	
0.285714	0.828571	0.484795	0	
0.314286	0.828571	0.493878	0	
0.342857	0.828571	0.495301	0	
0.371429	0.828571	0.495442	0	
0.4	0.828571	0.494591	0	
0.428571	0.828571	0.492508	0	
0.457143	0.828571	0.489022	0	
0.485714	0.828571	0.484063	0	
0.514286	0.828571	0.477666	0	
0.542857	0.828571	0.469984	0	
0.571429	0.828571	0.461304	0	
0.6	0.828571	0.45207	0	
0.628571	0.828571	0.442886	0	
0.657143	0.828571	0.434465	0	
0.685714	0.828571	0.421347	0	
0.714286	0.828571	0.354423	0	
0.742857	0.828571	0.291412	0	
0.771429	0.828571	0.233127	0	
0.8	0.828571	0.17964	0	
0.828571	0.828571	0.13063	0	
0.857143	0.828571	0.0856542	0	
0.885714	0.828571	0.0442858	0	
0.914286	0.828571	0.0061894	0	
0.942857	0.828571	-0.0288573	0	
0.971429	0.828571	-0.0609708	0	
1	0.828571	-0.0901918	1	
0	0.857143	0.467577	1	
0.0285714	0.857143	0.468106	0	
0.0571429	0.857143	0.469643	0	
0.0857143	0.857143	0.472099	0	
0.114286	0.857143	0.475397	0	
0.142857	0.857143	0.479491	0	
0.171429	0.857143	0.484355	0	
0.2	0.857143	0.489964	0	
0.228571	0.857143	0.496271	0	
0.257143	0.857143	0.50316	0	
0.285714	0.857143	0.510403	0	
0.314286	0.857143	0.517599	0	
0.342857	0.857143	0.518614	0	
0.371429	0.857143	0.518477	0	
0.4	0.857143	0.517385	0	
0.428571	0.857143	0.515204	0	
0.457143	0.857143	0.511844	0	
0.485714	0.857143	0.507283	0	
0.514286	0.857143	0.50158	0	
0.542857	0.857143	0.494884	0	
0.571429	0.857143	0.487443	0	
0.6	0.857143	0.479604	0	
0.628571	0.857143	0.4718	0	
0.657143	0.857143	0.464491	0	
0.685714	0.857143	0.452576	0	
0.714286	0.857143	0.390286	0	
0.742857	0.857143	0.330623	0	
0.771429	0.857143	0.274368	0	
0.8	0.857143	0.22182	0	
0.828571	0.857143	0.172967	0	
0.857143	0.857143	0.127643	0	
0.885714	0.857143	0.0856425	0	
0.914286	0.857143	0.0468031	0	
0.942857	0.857143	0.0110487	0	
0.971429	0.857143	-0.0215913	0	
1	0.857143	-0.0510144	1	
0	0.885714	0.4961	1	
0.0285714	0.885714	0.496729	0	
0.0571429	0.885714	0.498468	0	
0.0857143	0.885714	0.501113	0	
0.114286	0.885714	0.504508	0	
0.142857	0.885714	0.508559	0	
0.171429	0.885714	0.513202	0	
0.2	0.885714	0.51838	0	
0.228571	0.885714	0.524012	0	
0.257143	0.885714	0.52997	0	
0.285714	0.885714	0.536058	0	
0.314286	0.885714	0.541967	0	
0.342857	0.885714	0.542744	0	
0.371429	0.885714	0.542467	0	
0.4	0.885714	0.541268	0	
0.428571	0.885714	0.53908	0	
0.457143	0.885714	0.535868	0	
0.485714	0.885714	0.531646	0	
0.514286	0.885714	0.526486	0	
0.542857	0.885714	0.520528	0	
0.571429	0.885714	0.513978	0	
0.6	0.885714	0.507106	0	
0.628571	0.885714	0.500218	0	
0.657143	0.885714	0.493627	0	
0.685714	0.885714	0.482508	0	
0.714286	0.885714	0.423522	0	
0.742857	0.885714	0.366428	0	
0.771429	0.885714	0.311901	0	
0.8	0.885714	0.260306	0	
0.828571	0.885714	0.211776	0	
0.857143	0.885714	0.166307	0	
0.885714	0.885714	0.123839	0	
0.914286	0.885714	0.0843321	0	
0.942857	0.885714	0.0478408	0	
0.971429	0.885714	0.0145715	0	
1	0.885714	-0.0151268	1	
0	0.914286	0.523367	1	
0.0285714	0.914286	0.52424	0	
0.0571429	0.914286	0.526389	0	
0.0857143	0.914286	0.529377	0	
0.114286	0.914286	0.532965	0	
0.142857	0.914286	0.537035	0	
0.171429	0.914286	0.541517	0	
0.2	0.914286	0.546344	0	
0.228571	0.914286	0.551426	0	
0.257143	0.914286	0.556652	0	
0.285714	0.914286	0.561891	0	
0.314286	0.914286	0.566989	0	
0.342857	0.914286	0.567703	0	
0.371429	0.914286	0.567378	0	
0.4	0.914286	0.566141	0	
0.428571	0.914286	0.56398	0	
0.457143	0.914286	0.560902	0	
0.485714	0.914286	0.556946	0	
0.514286	0.914286	0.552191	0	
0.542857	0.914286	0.546764	0	
0.571429	0.914286	0.540837	0	
0.6	0.914286	0.534622	0	
0.628571	0.914286	0.52834	0	
0.657143	0.914286	0.522205	0	
0.685714	0.914286	0.511571	0	
0.714286	0.914286	0.454866	0	
0.742857	0.914286	0.399666	0	
0.771429	0.914286	0.346504	0	
0.8	0.914286	0.295726	0	
0.828571	0.914286	0.247525	0	
0.857143	0.914286	0.201971	0	
0.885714	0.914286	0.159074	0	
0.914286	0.914286	0.118846	0	
0.942857	0.914286	0.0814111	0	
0.971429	0.914286	0.0471636	0	
1	0.914286	0.0169206	1	
0	0.942857	0.548888	1	
0.0285714	0.942857	0.550479	0	
0.0571429	0.942857	0.553471	0	
0.0857143	0.942857	0.557041	0	
0.114286	0.942857	0.560939	0	
0.142857	0.942857	0.5651	0	
0.171429	0.942857	0.56949	0	
0.2	0.942857	0.574052	0	
0.228571	0.942857	0.578698	0	
0.257143	0.942857	0.583322	0	
0.285714	0.942857	0.587866	0	
0.314286	0.942857	0.592481	0	
0.342857	0.942857	0.593507	0	
0.371429	0.942857	0.5932	0	
0.4	0.942857	0.591939	0	
0.428571	0.942857	0.589796	0	
0.457143	0.942857	0.586815	0	
0.485714	0.942857	0.583045	0	
0.514286	0.942857	0.578568	0	
0.542857	0.942857	0.573498	0	
0.571429	0.942857	0.567986	0	
0.6	0.942857	0.562203	0	
0.628571	0.942857	0.556315	0	
0.657143	0.942857	0.550445	0	
0.685714	0.942857	0.539921	0	
0.714286	0.942857	0.484705	0	
0.742857	0.942857	0.430869	0	
0.771429	0.942857	0.378723	0	
0.8	0.942857	0.328571	0	
0.828571	0.942857	0.280625	0	
0.857143	0.942857	0.23498	0	
0.885714	0.942857	0.191641	0	
0.914286	0.942857	0.150567	0	
0.942857	0.942857	0.111795	0	
0.971429	0.942857	0.0757515	0	
1	0.942857	0.0440383	1	
0	0.971429	0.571231	1	
0.0285714	0.971429	0.575316	0	
0.0571429	0.971429	0.579975	0	
0.0857143	0.971429	0.584379	0	
0.114286	0.971429	0.588653	0	
0.142857	0.971429	0.592938	0	
0.171429	0.971429	0.597289	0	
0.2	0.971429	0.601677	0	
0.228571	0.971429	0.605994	0	
0.257143	0.971429	0.610072	0	
0.285714	0.971429	0.613771	0	
0.314286	0.971429	0.61756	0	
0.342857	0.971429	0.620336	0	
0.371429	0.971429	0.619975	0	
0.4	0.971429	0.618617	0	
0.428571	0.971429	0.616452	0	
0.457143	0.971429	0.613516	0	
0.485714	0.971429	0.609853	0	
0.514286	0.971429	0.605536	0	
0.542857	0.971429	0.600675	0	
0.571429	0.971429	0.595407	0	
0.6	0.971429	0.58989	0	
0.628571	0.971429	0.584273	0	
0.657143	0.971429	0.578589	0	
0.685714	0.971429	0.567206	0	
0.714286	0.971429	0.513166	0	
0.742857	0.971429	0.46038	0	
0.771429	0.971429	0.408947	0	
0.8	0.971429	0.359212	0	
0.828571	0.971429	0.311423	0	
0.857143	0.971429	0.265683	0	
0.885714	0.971429	0.221942	0	
0.914286	0.971429	0.179989	0	
0.942857	0.971429	0.139448	0	
0.971429	0.971429	0.10001	0	
1	0.971429	0.0632859	1	
0	1	0.585405	1	
0.0285714	1	0.599581	1	
0.0571429	1	0.606734	1	
0.0857143	1	0.61185	1	
0.114286	1	0.616355	1	
0.142857	1	0.620709	1	
0.171429	1	0.625053	1	
0.2	1	0.629372	1	
0.228571	1	0.633529	1	
0.257143	1	0.637204	1	
0.285714	1	0.639587	1	
0.314286	1	0.638048	1	
0.342857	1	0.649385	1	
0.371429	1	0.647749	1	
0.4	1	0.646104	1	
0.428571	1	0.643877	1	
0.457143	1	0.640944	1	
0.485714	1	0.637314	1	
0.514286	1	0.63305	1	
0.542857	1	0.628258	1	
0.571429	1	0.623076	1	
0.6	1	0.617677	1	
0.628571	1	0.612297	1	
0.657143	1	0.607411	1	
0.685714	1	0.591064	1	
0.714286	1	0.540372	1	
0.742857	1	0.48854	1	
0.771429	1	0.437474	1	
0.8	1	0.387906	1	
0.828571	1	0.340174	1	
0.857143	1	0.294388	1	
0.885714	1	0.250456	1	
0.914286	1	0.207997	1	
0.942857	1	0.166001	1	
0.971429	1	0.121554	1	
1	1	0.064642	1	

