0	0	0	1	
0.0222222	0	0	1	
0.0444444	0	0	1	
0.0666667	0	0	1	
0.0888889	0	0	1	
0.111111	0	0	1	
0.133333	0	0	1	
0.155556	0	0	1	
0.177778	0	0	1	
0.2	0	0	1	
0.222222	0	0	1	
0.244444	0	0	1	
0.266667	0	0	1	
0.288889	0	0	1	
0.311111	0	0	1	
0.333333	0	0	1	
0.355556	0	0	1	
0.377778	0	0	1	
0.4	0	0	1	
0.422222	0	0	1	
0.444444	0	0	1	
0.466667	0	0	1	
0.488889	0	0	1	
0.511111	0	0	1	
0.533333	0	0	1	
0.555556	0	0	1	
0.577778	0	0	1	
0.6	0	0	1	
0.622222	0	0	1	
0.644444	0	0	1	
0.666667	0	0	1	
0.688889	0	0	1	
0.711111	0	0	1	
0.733333	0	0	1	
0.755556	0	0	1	
0.777778	0	0	1	
0.8	0	0	1	
0.822222	0	0	1	
0.844444	0	0	1	
0.866667	0	0	1	
0.888889	0	0	1	
0.911111	0	0	1	
0.933333	0	0	1	
0.955556	0	0	1	
0.977778	0	0	1	
1	0	0	1	
0	0.0222222	0.0137276	1	
0.0222222	0.0222222	0.01369	0	
0.0444444	0.0222222	0.0135764	0	
0.0666667	0.0222222	0.0133847	0	
0.0888889	0.0222222	0.0131112	0	
0.111111	0.0222222	0.0127513	0	
0.133333	0.0222222	0.0122993	0	
0.155556	0.0222222	0.011749	0	
0.177778	0.0222222	0.0110941	0	
0.2	0.0222222	0.010329	0	
0.222222	0.0222222	0.00944962	0	
0.244444	0.0222222	0.00845428	0	
0.266667	0.0222222	0.00734472	0	
0.288889	0.0222222	0.00612683	0	
0.311111	0.0222222	0.00481114	0	
0.333333	0.0222222	0.0034127	0	
0.355556	0.0222222	0.00312942	0	
0.377778	0.0222222	0.00292328	0	
0.4	0.0222222	0.00266236	0	
0.422222	0.0222222	0.00235301	0	
0.444444	0.0222222	0.00200292	0	
0.466667	0.0222222	0.0016207	0	
0.488889	0.0222222	0.00121544	0	
0.511111	0.0222222	0.000796427	0	
0.533333	0.0222222	0.000372958	0	
0.555556	0.0222222	-4.57699e-05	0	
0.577778	0.0222222	-0.000450805	0	
0.6	0.0222222	-0.000833655	0	
0.622222	0.0222222	-0.00118662	0	
0.644444	0.0222222	-0.00150326	0	
0.666667	0.0222222	-0.00177892	0	
0.688889	0.0222222	-0.00221317	0	
0.711111	0.0222222	-0.00449313	0	
0.733333	0.0222222	-0.00673739	0	
0.755556	0.0222222	-0.00895849	0	
0.777778	0.0222222	-0.0111754	0	
0.8	0.0222222	-0.013415	0	
0.822222	0.0222222	-0.0157147	0	
0.844444	0.0222222	-0.0181256	0	
0.866667	0.0222222	-0.0207198	0	
0.888889	0.0222222	-0.0236036	0	
0.911111	0.0222222	-0.0269451	0	
0.933333	0.0222222	-0.0310359	0	
0.955556	0.0222222	-0.0364444	0	
0.977778	0.0222222	-0.04444	0	
1	0.0222222	-0.0583114	1	
0	0.0444444	0.0275305	1	
0.0222222	0.0444444	0.027456	0	
0.0444444	0.0444444	0.027231	0	
0.0666667	0.0444444	0.026851	0	
0.0888889	0.0444444	0.0263089	0	
0.111111	0.0444444	0.0255947	0	
0.133333	0.0444444	0.024697	0	
0.155556	0.0444444	0.0236026	0	
0.177778	0.0444444	0.0222984	0	
0.2	0.0444444	0.0207723	0	
0.222222	0.0444444	0.0190152	0	
0.244444	0.0444444	0.0170228	0	
0.266667	0.0444444	0.0147978	0	
0.288889	0.0444444	0.0123515	0	
0.311111	0.0444444	0.00970502	0	
0.333333	0.0444444	0.00688925	0	
0.355556	0.0444444	0.00631806	0	
0.377778	0.0444444	0.00590132	0	
0.4	0.0444444	0.00537317	0	
0.422222	0.0444444	0.00474675	0	
0.444444	0.0444444	0.00403797	0	
0.466667	0.0444444	0.00326445	0	
0.488889	0.0444444	0.00244465	0	
0.511111	0.0444444	0.00159731	0	
0.533333	0.0444444	0.000741174	0	
0.555556	0.0444444	-0.000105232	0	
0.577778	0.0444444	-0.000923794	0	
0.6	0.0444444	-0.00169719	0	
0.622222	0.0444444	-0.00240957	0	
0.644444	0.0444444	-0.00304751	0	
0.666667	0.0444444	-0.00360115	0	
0.688889	0.0444444	-0.00446969	0	
0.711111	0.0444444	-0.00902196	0	
0.733333	0.0444444	-0.0134979	0	
0.755556	0.0444444	-0.0179212	0	
0.777778	0.0444444	-0.0223279	0	
0.8	0.0444444	-0.02677	0	
0.822222	0.0444444	-0.0313181	0	
0.844444	0.0444444	-0.0360679	0	
0.866667	0.0444444	-0.0411501	0	
0.888889	0.0444444	-0.0467496	0	
0.911111	0.0444444	-0.0531408	0	
0.933333	0.0444444	-0.060754	0	
0.955556	0.0444444	-0.0703018	0	
0.977778	0.0444444	-0.0830043	0	
1	0.0444444	-0.100887	1	
0	0.0666667	0.0414825	1	
0.0222222	0.0666667	0.0413726	0	
0.0444444	0.0666667	0.0410406	0	
0.0666667	0.0666667	0.0404796	0	
0.0888889	0.0666667	0.0396785	0	
0.111111	0.0666667	0.0386218	0	
0.133333	0.0666667	0.0372913	0	
0.155556	0.0666667	0.0356661	0	
0.177778	0.0666667	0.0337246	0	
0.2	0.0666667	0.0314467	0	
0.222222	0.0666667	0.0288161	0	
0.244444	0.0666667	0.025824	0	
0.266667	0.0666667	0.0224721	0	
0.288889	0.0666667	0.0187763	0	
0.311111	0.0666667	0.0147682	0	
0.333333	0.0666667	0.0104961	0	
0.355556	0.0666667	0.00962741	0	
0.377778	0.0666667	0.00899078	0	
0.4	0.0666667	0.00818224	0	
0.422222	0.0666667	0.00722285	0	
0.444444	0.0666667	0.00613777	0	
0.466667	0.0666667	0.00495448	0	
0.488889	0.0666667	0.00370138	0	
0.511111	0.0666667	0.00240699	0	
0.533333	0.0666667	0.00109966	0	
0.555556	0.0666667	-0.000192538	0	
0.577778	0.0666667	-0.00144195	0	
0.6	0.0666667	-0.00262175	0	
0.622222	0.0666667	-0.00370697	0	
0.644444	0.0666667	-0.00467603	0	
0.666667	0.0666667	-0.00551275	0	
0.688889	0.0666667	-0.00681607	0	
0.711111	0.0666667	-0.013627	0	
0.733333	0.0666667	-0.0203112	0	
0.755556	0.0666667	-0.0269003	0	
0.777778	0.0666667	-0.0334452	0	
0.8	0.0666667	-0.0400188	0	
0.822222	0.0666667	-0.0467198	0	
0.844444	0.0666667	-0.0536777	0	
0.866667	0.0666667	-0.0610629	0	
0.888889	0.0666667	-0.0691039	0	
0.911111	0.0666667	-0.0781144	0	
0.933333	0.0666667	-0.0885375	0	
0.955556	0.0666667	-0.101004	0	
0.977778	0.0666667	-0.116388	0	
1	0.0666667	-0.13575	1	
0	0.0888889	0.0556543	1	
0.0222222	0.0888889	0.0555114	0	
0.0444444	0.0888889	0.0550793	0	
0.0666667	0.0888889	0.0543485	0	
0.0888889	0.0888889	0.0533035	0	
0.111111	0.0888889	0.0519229	0	
0.133333	0.0888889	0.0501804	0	
0.155556	0.0888889	0.0480459	0	
0.177778	0.0888889	0.0454873	0	
0.2	0.0888889	0.0424738	0	
0.222222	0.0888889	0.0389787	0	
0.244444	0.0888889	0.0349849	0	
0.266667	0.0888889	0.0304904	0	
0.288889	0.0888889	0.0255132	0	
0.311111	0.0888889	0.0200956	0	
0.333333	0.0888889	0.0143052	0	
0.355556	0.0888889	0.0131236	0	
0.377778	0.0888889	0.0122521	0	
0.4	0.0888889	0.0111422	0	
0.422222	0.0888889	0.00982463	0	
0.444444	0.0888889	0.00833578	0	
0.466667	0.0888889	0.00671433	0	
0.488889	0.0888889	0.00499939	0	
0.511111	0.0888889	0.00322961	0	
0.533333	0.0888889	0.00144302	0	
0.555556	0.0888889	-0.000322635	0	
0.577778	0.0888889	-0.0020297	0	
0.6	0.0888889	-0.00364089	0	
0.622222	0.0888889	-0.00512053	0	
0.644444	0.0888889	-0.0064369	0	
0.666667	0.0888889	-0.0075654	0	
0.688889	0.0888889	-0.00930534	0	
0.711111	0.0888889	-0.0183589	0	
0.733333	0.0888889	-0.0272196	0	
0.755556	0.0888889	-0.0359237	0	
0.777778	0.0888889	-0.0445336	0	
0.8	0.0888889	-0.0531403	0	
0.822222	0.0888889	-0.0618645	0	
0.844444	0.0888889	-0.07086	0	
0.866667	0.0888889	-0.0803201	0	
0.888889	0.0888889	-0.0904885	0	
0.911111	0.0888889	-0.101675	0	
0.933333	0.0888889	-0.114277	0	
0.955556	0.0888889	-0.12879	0	
0.977778	0.0888889	-0.145794	0	
1	0.0888889	-0.165856	1	
0	0.111111	0.0701121	1	
0.0222222	0.111111	0.0699393	0	
0.0444444	0.111111	0.0694166	0	
0.0666667	0.111111	0.0685317	0	
0.0888889	0.111111	0.0672643	0	
0.111111	0.111111	0.0655859	0	
0.133333	0.111111	0.0634615	0	
0.155556	0.111111	0.0608497	0	
0.177778	0.111111	0.0577052	0	
0.2	0.111111	0.0539824	0	
0.222222	0.111111	0.0496398	0	
0.244444	0.111111	0.0446467	0	
0.266667	0.111111	0.0389915	0	
0.288889	0.111111	0.0326906	0	
0.311111	0.111111	0.0257958	0	
0.333333	0.111111	0.0183977	0	
0.355556	0.111111	0.0168805	0	
0.377778	0.111111	0.015752	0	
0.4	0.111111	0.0143097	0	
0.422222	0.111111	0.0125977	0	
0.444444	0.111111	0.0106664	0	
0.466667	0.111111	0.00856767	0	
0.488889	0.111111	0.00635226	0	
0.511111	0.111111	0.00406903	0	
0.533333	0.111111	0.00176545	0	
0.555556	0.111111	-0.000511324	0	
0.577778	0.111111	-0.00271332	0	
0.6	0.111111	-0.00479156	0	
0.622222	0.111111	-0.00669738	0	
0.644444	0.111111	-0.00838564	0	
0.666667	0.111111	-0.00981984	0	
0.688889	0.111111	-0.0120011	0	
0.711111	0.111111	-0.0232835	0	
0.733333	0.111111	-0.0342846	0	
0.755556	0.111111	-0.0450411	0	
0.777778	0.111111	-0.0556252	0	
0.8	0.111111	-0.0661442	0	
0.822222	0.111111	-0.0767378	0	
0.844444	0.111111	-0.0875776	0	
0.866667	0.111111	-0.0988689	0	
0.888889	0.111111	-0.110854	0	
0.911111	0.111111	-0.123822	0	
0.933333	0.111111	-0.138105	0	
0.955556	0.111111	-0.154083	0	
0.977778	0.111111	-0.172143	0	
1	0.111111	-0.192609	1	
0	0.133333	0.0849158	1	
0.0222222	0.133333	0.0847172	0	
0.0444444	0.133333	0.0841163	0	
0.0666667	0.133333	0.0830976	0	
0.0888889	0.133333	0.0816359	0	
0.111111	0.133333	0.0796953	0	
0.133333	0.133333	0.0772302	0	
0.155556	0.133333	0.0741861	0	
0.177778	0.133333	0.0705014	0	
0.2	0.133333	0.066111	0	
0.222222	0.133333	0.0609515	0	
0.244444	0.133333	0.0549706	0	
0.266667	0.133333	0.0481384	0	
0.288889	0.133333	0.0404619	0	
0.311111	0.133333	0.0319994	0	
0.333333	0.133333	0.0228687	0	
0.355556	0.133333	0.0209835	0	
0.377778	0.133333	0.0195656	0	
0.4	0.133333	0.0177468	0	
0.422222	0.133333	0.0155901	0	
0.444444	0.133333	0.0131645	0	
0.466667	0.133333	0.0105377	0	
0.488889	0.133333	0.00777293	0	
0.511111	0.133333	0.00492883	0	
0.533333	0.133333	0.00206107	0	
0.555556	0.133333	-0.000774794	0	
0.577778	0.133333	-0.00352069	0	
0.6	0.133333	-0.00611466	0	
0.622222	0.133333	-0.00849178	0	
0.644444	0.133333	-0.0105884	0	
0.666667	0.133333	-0.0123502	0	
0.688889	0.133333	-0.0149825	0	
0.711111	0.133333	-0.0284895	0	
0.733333	0.133333	-0.0415942	0	
0.755556	0.133333	-0.0543308	0	
0.777778	0.133333	-0.066782	0	
0.8	0.133333	-0.0790733	0	
0.822222	0.133333	-0.0913647	0	
0.844444	0.133333	-0.103844	0	
0.866667	0.133333	-0.116723	0	
0.888889	0.133333	-0.130239	0	
0.911111	0.133333	-0.144651	0	
0.933333	0.133333	-0.16024	0	
0.955556	0.133333	-0.177294	0	
0.977778	0.133333	-0.196084	0	
1	0.133333	-0.216814	1	
0	0.155556	0.100117	1	
0.0222222	0.155556	0.0998977	0	
0.0444444	0.155556	0.0992336	0	
0.0666667	0.155556	0.0981068	0	
0.0888889	0.155556	0.0964865	0	
0.111111	0.155556	0.0943292	0	
0.133333	0.155556	0.091578	0	
0.155556	0.155556	0.0881633	0	
0.177778	0.155556	0.0840036	0	
0.2	0.155556	0.0790085	0	
0.222222	0.155556	0.0730847	0	
0.244444	0.155556	0.066146	0	
0.266667	0.155556	0.0581297	0	
0.288889	0.155556	0.0490194	0	
0.311111	0.155556	0.0388712	0	
0.333333	0.155556	0.0278348	0	
0.355556	0.155556	0.0255346	0	
0.377778	0.155556	0.0237802	0	
0.4	0.155556	0.0215219	0	
0.422222	0.155556	0.0188515	0	
0.444444	0.155556	0.0158637	0	
0.466667	0.155556	0.0126456	0	
0.488889	0.155556	0.00927296	0	
0.511111	0.155556	0.0058123	0	
0.533333	0.155556	0.00232478	0	
0.555556	0.155556	-0.00112823	0	
0.577778	0.155556	-0.00447998	0	
0.6	0.155556	-0.00765461	0	
0.622222	0.155556	-0.0105667	0	
0.644444	0.155556	-0.013126	0	
0.666667	0.155556	-0.0152501	0	
0.688889	0.155556	-0.0183521	0	
0.711111	0.155556	-0.0340976	0	
0.733333	0.155556	-0.049272	0	
0.755556	0.155556	-0.0639057	0	
0.777778	0.155556	-0.0780985	0	
0.8	0.155556	-0.0920023	0	
0.822222	0.155556	-0.105804	0	
0.844444	0.155556	-0.11971	0	
0.866667	0.155556	-0.133941	0	
0.888889	0.155556	-0.148727	0	
0.911111	0.155556	-0.164303	0	
0.933333	0.155556	-0.180908	0	
0.955556	0.155556	-0.198769	0	
0.977778	0.155556	-0.218086	0	
1	0.155556	-0.239001	1	
0	0.177778	0.115757	1	
0.0222222	0.177778	0.115523	0	
0.0444444	0.177778	0.114814	0	
0.0666667	0.177778	0.11361	0	
0.0888889	0.177778	0.111874	0	
0.111111	0.177778	0.109557	0	
0.133333	0.177778	0.106589	0	
0.155556	0.177778	0.102886	0	
0.177778	0.177778	0.0983412	0	
0.2	0.177778	0.092835	0	
0.222222	0.177778	0.0862329	0	
0.244444	0.177778	0.0783989	0	
0.266667	0.177778	0.0692149	0	
0.288889	0.177778	0.0586147	0	
0.311111	0.177778	0.0466314	0	
0.333333	0.177778	0.0334467	0	
0.355556	0.177778	0.0306614	0	
0.377778	0.177778	0.0284987	0	
0.4	0.177778	0.025709	0	
0.422222	0.177778	0.0224302	0	
0.444444	0.177778	0.0187933	0	
0.466667	0.177778	0.0149079	0	
0.488889	0.177778	0.0108611	0	
0.511111	0.177778	0.00672264	0	
0.533333	0.177778	0.00255399	0	
0.555556	0.177778	-0.00158293	0	
0.577778	0.177778	-0.00561638	0	
0.6	0.177778	-0.00945713	0	
0.622222	0.177778	-0.0129942	0	
0.644444	0.177778	-0.0160989	0	
0.666667	0.177778	-0.0186417	0	
0.688889	0.177778	-0.0222478	0	
0.711111	0.177778	-0.0402768	0	
0.733333	0.177778	-0.0574905	0	
0.755556	0.177778	-0.0739214	0	
0.777778	0.177778	-0.0897037	0	
0.8	0.177778	-0.105034	0	
0.822222	0.177778	-0.120138	0	
0.844444	0.177778	-0.13525	0	
0.866667	0.177778	-0.150604	0	
0.888889	0.177778	-0.166424	0	
0.911111	0.177778	-0.182927	0	
0.933333	0.177778	-0.20032	0	
0.955556	0.177778	-0.218788	0	
0.977778	0.177778	-0.238491	0	
1	0.177778	-0.259538	1	
0	0.2	0.131865	1	
0.0222222	0.2	0.131623	0	
0.0444444	0.2	0.13089	0	
0.0666667	0.2	0.129643	0	
0.0888889	0.2	0.127844	0	
0.111111	0.2	0.125435	0	
0.133333	0.2	0.122337	0	
0.155556	0.2	0.118449	0	
0.177778	0.2	0.113641	0	
0.2	0.2	0.107757	0	
0.222222	0.2	0.100613	0	
0.244444	0.2	0.0920021	0	
0.266667	0.2	0.0817164	0	
0.288889	0.2	0.0695931	0	
0.311111	0.2	0.0555932	0	
0.333333	0.2	0.0399125	0	
0.355556	0.2	0.0365301	0	
0.377778	0.2	0.0338443	0	
0.4	0.2	0.0303851	0	
0.422222	0.2	0.0263672	0	
0.444444	0.2	0.0219715	0	
0.466667	0.2	0.0173318	0	
0.488889	0.2	0.0125407	0	
0.511111	0.2	0.00766321	0	
0.533333	0.2	0.00275148	0	
0.555556	0.2	-0.00214108	0	
0.577778	0.2	-0.0069455	0	
0.6	0.2	-0.0115633	0	
0.622222	0.2	-0.0158543	0	
0.644444	0.2	-0.0196336	0	
0.666667	0.2	-0.0226914	0	
0.688889	0.2	-0.0268655	0	
0.711111	0.2	-0.0472713	0	
0.733333	0.2	-0.0664917	0	
0.755556	0.2	-0.0845858	0	
0.777778	0.2	-0.101761	0	
0.8	0.2	-0.118291	0	
0.822222	0.2	-0.134463	0	
0.844444	0.2	-0.15055	0	
0.866667	0.2	-0.1668	0	
0.888889	0.2	-0.183437	0	
0.911111	0.2	-0.200662	0	
0.933333	0.2	-0.218655	0	
0.955556	0.2	-0.237573	0	
0.977778	0.2	-0.257551	0	
1	0.2	-0.278689	1	
0	0.222222	0.148458	1	
0.0222222	0.222222	0.148215	0	
0.0444444	0.222222	0.147479	0	
0.0666667	0.222222	0.146229	0	
0.0888889	0.222222	0.144424	0	
0.111111	0.222222	0.142002	0	
0.133333	0.222222	0.138876	0	
0.155556	0.222222	0.134931	0	
0.177778	0.222222	0.130016	0	
0.2	0.222222	0.123941	0	
0.222222	0.222222	0.116461	0	
0.244444	0.222222	0.10728	0	
0.266667	0.222222	0.0960558	0	
0.288889	0.222222	0.0824482	0	
0.311111	0.222222	0.0662359	0	
0.333333	0.222222	0.0475474	0	
0.355556	0.222222	0.04337	0	
0.377778	0.222222	0.0399633	0	
0.4	0.222222	0.03562	0	
0.422222	0.222222	0.0306818	0	
0.444444	0.222222	0.0253936	0	
0.466667	0.222222	0.019907	0	
0.488889	0.222222	0.0143067	0	
0.511111	0.222222	0.00863808	0	
0.533333	0.222222	0.00292978	0	
0.555556	0.222222	-0.00278737	0	
0.577778	0.222222	-0.00846125	0	
0.6	0.222222	-0.0139962	0	
0.622222	0.222222	-0.019226	0	
0.644444	0.222222	-0.0238899	0	
0.666667	0.222222	-0.0276377	0	
0.688889	0.222222	-0.0325037	0	
0.711111	0.222222	-0.0554514	0	
0.733333	0.222222	-0.0766189	0	
0.755556	0.222222	-0.0961689	0	
0.777778	0.222222	-0.114463	0	
0.8	0.222222	-0.131907	0	
0.822222	0.222222	-0.148874	0	
0.844444	0.222222	-0.165686	0	
0.866667	0.222222	-0.182609	0	
0.888889	0.222222	-0.199862	0	
0.911111	0.222222	-0.21763	0	
0.933333	0.222222	-0.236064	0	
0.955556	0.222222	-0.255297	0	
0.977778	0.222222	-0.275451	0	
1	0.222222	-0.296638	1	
0	0.244444	0.165539	1	
0.0222222	0.244444	0.165299	0	
0.0444444	0.244444	0.164583	0	
0.0666667	0.244444	0.163371	0	
0.0888889	0.244444	0.161622	0	
0.111111	0.244444	0.159274	0	
0.133333	0.244444	0.156234	0	
0.155556	0.244444	0.152382	0	
0.177778	0.244444	0.147553	0	
0.2	0.244444	0.141528	0	
0.222222	0.244444	0.13401	0	
0.244444	0.244444	0.1246	0	
0.266667	0.244444	0.112779	0	
0.288889	0.244444	0.097908	0	
0.311111	0.244444	0.0793549	0	
0.333333	0.244444	0.0568971	0	
0.355556	0.244444	0.0515149	0	
0.377778	0.244444	0.0470187	0	
0.4	0.244444	0.0414499	0	
0.422222	0.244444	0.0353465	0	
0.444444	0.244444	0.0290142	0	
0.466667	0.244444	0.0225958	0	
0.488889	0.244444	0.0161409	0	
0.511111	0.244444	0.00965265	0	
0.533333	0.244444	0.00311695	0	
0.555556	0.244444	-0.00347693	0	
0.577778	0.244444	-0.010116	0	
0.6	0.244444	-0.0167341	0	
0.622222	0.244444	-0.0231637	0	
0.644444	0.244444	-0.0290623	0	
0.666667	0.244444	-0.0338445	0	
0.688889	0.244444	-0.0396681	0	
0.711111	0.244444	-0.0654114	0	
0.733333	0.244444	-0.0883636	0	
0.755556	0.244444	-0.109008	0	
0.777778	0.244444	-0.128016	0	
0.8	0.244444	-0.145998	0	
0.822222	0.244444	-0.16344	0	
0.844444	0.244444	-0.180711	0	
0.866667	0.244444	-0.198086	0	
0.888889	0.244444	-0.215774	0	
0.911111	0.244444	-0.23393	0	
0.933333	0.244444	-0.252673	0	
0.955556	0.244444	-0.2721	0	
0.977778	0.244444	-0.292316	0	
1	0.244444	-0.313483	1	
0	0.266667	0.183098	1	
0.0222222	0.266667	0.182861	0	
0.0444444	0.266667	0.182182	0	
0.0666667	0.266667	0.181049	0	
0.0888889	0.266667	0.179421	0	
0.111111	0.266667	0.177236	0	
0.133333	0.266667	0.174405	0	
0.155556	0.266667	0.17081	0	
0.177778	0.266667	0.166287	0	
0.2	0.266667	0.160609	0	
0.222222	0.266667	0.153449	0	
0.244444	0.266667	0.144333	0	
0.266667	0.266667	0.132552	0	
0.288889	0.266667	0.11705	0	
0.311111	0.266667	0.0963789	0	
0.333333	0.266667	0.0691045	0	
0.355556	0.266667	0.061467	0	
0.377778	0.266667	0.0551467	0	
0.4	0.266667	0.0478145	0	
0.422222	0.266667	0.0402402	0	
0.444444	0.266667	0.0327208	0	
0.466667	0.266667	0.0253212	0	
0.488889	0.266667	0.0180086	0	
0.511111	0.266667	0.0107147	0	
0.533333	0.266667	0.00336228	0	
0.555556	0.266667	-0.00412129	0	
0.577778	0.266667	-0.0117916	0	
0.6	0.266667	-0.0196607	0	
0.622222	0.266667	-0.0276322	0	
0.644444	0.266667	-0.0353512	0	
0.666667	0.266667	-0.0419093	0	
0.688889	0.266667	-0.049347	0	
0.711111	0.266667	-0.0781625	0	
0.733333	0.266667	-0.102416	0	
0.755556	0.266667	-0.123483	0	
0.777778	0.266667	-0.142594	0	
0.8	0.266667	-0.160629	0	
0.822222	0.266667	-0.178177	0	
0.844444	0.266667	-0.19563	0	
0.866667	0.266667	-0.213251	0	
0.888889	0.266667	-0.231217	0	
0.911111	0.266667	-0.249643	0	
0.933333	0.266667	-0.268598	0	
0.955556	0.266667	-0.288113	0	
0.977778	0.266667	-0.308231	0	
1	0.266667	-0.329182	1	
0	0.288889	0.201132	1	
0.0222222	0.288889	0.200865	0	
0.0444444	0.288889	0.200236	0	
0.0666667	0.288889	0.199222	0	
0.0888889	0.288889	0.197778	0	
0.111111	0.288889	0.195843	0	
0.133333	0.288889	0.19334	0	
0.155556	0.288889	0.190166	0	
0.177778	0.288889	0.186177	0	
0.2	0.288889	0.181171	0	
0.222222	0.288889	0.174846	0	
0.244444	0.288889	0.166733	0	
0.266667	0.288889	0.156044	0	
0.288889	0.288889	0.141361	0	
0.311111	0.288889	0.120006	0	
0.333333	0.288889	0.0872047	0	
0.355556	0.288889	0.0739127	0	
0.377778	0.288889	0.0642864	0	
0.4	0.288889	0.0544214	0	
0.422222	0.288889	0.0450788	0	
0.444444	0.288889	0.0363075	0	
0.466667	0.288889	0.0279596	0	
0.488889	0.288889	0.0198577	0	
0.511111	0.288889	0.0118351	0	
0.533333	0.288889	0.00373882	0	
0.555556	0.288889	-0.0045789	0	
0.577778	0.288889	-0.0132686	0	
0.6	0.288889	-0.0224848	0	
0.622222	0.288889	-0.0323531	0	
0.644444	0.288889	-0.042801	0	
0.666667	0.288889	-0.0528769	0	
0.688889	0.288889	-0.0638624	0	
0.711111	0.288889	-0.0954754	0	
0.733333	0.288889	-0.119655	0	
0.755556	0.288889	-0.139913	0	
0.777778	0.288889	-0.158248	0	
0.8	0.288889	-0.175747	0	
0.822222	0.288889	-0.19301	0	
0.844444	0.288889	-0.210382	0	
0.866667	0.288889	-0.228071	0	
0.888889	0.288889	-0.246198	0	
0.911111	0.288889	-0.264828	0	
0.933333	0.288889	-0.283963	0	
0.955556	0.288889	-0.303524	0	
0.977778	0.288889	-0.323312	0	
1	0.288889	-0.343304	1	
0	0.311111	0.2197	1	
0.0222222	0.311111	0.21923	0	
0.0444444	0.311111	0.218674	0	
0.0666667	0.311111	0.217828	0	
0.0888889	0.311111	0.216625	0	
0.111111	0.311111	0.215018	0	
0.133333	0.311111	0.212947	0	
0.155556	0.311111	0.210337	0	
0.177778	0.311111	0.207086	0	
0.2	0.311111	0.203051	0	
0.222222	0.311111	0.19803	0	
0.244444	0.311111	0.191708	0	
0.266667	0.311111	0.183532	0	
0.288889	0.311111	0.172345	0	
0.311111	0.311111	0.155081	0	
0.333333	0.311111	0.121427	0	
0.355556	0.311111	0.0890827	0	
0.377778	0.311111	0.0736649	0	
0.4	0.311111	0.0605058	0	
0.422222	0.311111	0.0493461	0	
0.444444	0.311111	0.039471	0	
0.466667	0.311111	0.0303522	0	
0.488889	0.311111	0.0216272	0	
0.511111	0.311111	0.0130293	0	
0.533333	0.311111	0.00433678	0	
0.555556	0.311111	-0.00466452	0	
0.577778	0.311111	-0.014219	0	
0.6	0.311111	-0.0246569	0	
0.622222	0.311111	-0.0364944	0	
0.644444	0.311111	-0.0506227	0	
0.666667	0.311111	-0.0685904	0	
0.688889	0.311111	-0.0899008	0	
0.711111	0.311111	-0.120221	0	
0.733333	0.311111	-0.140818	0	
0.755556	0.311111	-0.158264	0	
0.777778	0.311111	-0.174739	0	
0.8	0.311111	-0.191101	0	
0.822222	0.311111	-0.207732	0	
0.844444	0.311111	-0.224817	0	
0.866667	0.311111	-0.242452	0	
0.888889	0.311111	-0.260678	0	
0.911111	0.311111	-0.279506	0	
0.933333	0.311111	-0.298902	0	
0.955556	0.311111	-0.318705	0	
0.977778	0.311111	-0.33819	0	
1	0.311111	-0.35393	1	
0	0.333333	0.222687	1	
0.0222222	0.333333	0.222609	0	
0.0444444	0.333333	0.222158	0	
0.0666667	0.333333	0.221372	0	
0.0888889	0.333333	0.220236	0	
0.111111	0.333333	0.218715	0	
0.133333	0.333333	0.216757	0	
0.155556	0.333333	0.214297	0	
0.177778	0.333333	0.211243	0	
0.2	0.333333	0.207478	0	
0.222222	0.333333	0.202837	0	
0.244444	0.333333	0.197091	0	
0.266667	0.333333	0.189898	0	
0.288889	0.333333	0.180741	0	
0.311111	0.333333	0.168908	0	
0.333333	0.333333	0.154125	0	
0.355556	0.333333	0.121738	0	
0.377778	0.333333	0.0872259	0	
0.4	0.333333	0.0684781	0	
0.422222	0.333333	0.0551198	0	
0.444444	0.333333	0.0440537	0	
0.466667	0.333333	0.0340934	0	
0.488889	0.333333	0.0246483	0	
0.511111	0.333333	0.015347	0	
0.533333	0.333333	0.00590111	0	
0.555556	0.333333	-0.00396527	0	
0.577778	0.333333	-0.0145817	0	
0.6	0.333333	-0.0264431	0	
0.622222	0.333333	-0.0404835	0	
0.644444	0.333333	-0.0589104	0	
0.666667	0.333333	-0.0881784	0	
0.688889	0.333333	-0.109682	0	
0.711111	0.333333	-0.12914	0	
0.733333	0.333333	-0.146098	0	
0.755556	0.333333	-0.162041	0	
0.777778	0.333333	-0.17779	0	
0.8	0.333333	-0.19377	0	
0.822222	0.333333	-0.210201	0	
0.844444	0.333333	-0.227193	0	
0.866667	0.333333	-0.244797	0	
0.888889	0.333333	-0.263037	0	
0.911111	0.333333	-0.281916	0	
0.933333	0.333333	-0.301434	0	
0.955556	0.333333	-0.321609	0	
0.977778	0.333333	-0.342598	0	
1	0.333333	-0.365391	1	
0	0.355556	0.224912	1	
0.0222222	0.355556	0.224785	0	
0.0444444	0.355556	0.224358	0	
0.0666667	0.355556	0.223619	0	
0.0888889	0.355556	0.22255	0	
0.111111	0.355556	0.221119	0	
0.133333	0.355556	0.219281	0	
0.155556	0.355556	0.216978	0	
0.177778	0.355556	0.214135	0	
0.2	0.355556	0.210656	0	
0.222222	0.355556	0.206421	0	
0.244444	0.355556	0.201282	0	
0.266667	0.355556	0.195069	0	
0.288889	0.355556	0.187634	0	
0.311111	0.355556	0.179019	0	
0.333333	0.355556	0.169972	0	
0.355556	0.355556	0.156679	0	
0.377778	0.355556	0.122401	0	
0.4	0.355556	0.0988524	0	
0.422222	0.355556	0.0811439	0	
0.444444	0.355556	0.0664948	0	
0.466667	0.355556	0.0533824	0	
0.488889	0.355556	0.0409049	0	
0.511111	0.355556	0.0284555	0	
0.533333	0.355556	0.0155563	0	
0.555556	0.355556	0.00175575	0	
0.577778	0.355556	-0.0134643	0	
0.6	0.355556	-0.0308196	0	
0.622222	0.355556	-0.0514579	0	
0.644444	0.355556	-0.0773904	0	
0.666667	0.355556	-0.112083	0	
0.688889	0.355556	-0.124223	0	
0.711111	0.355556	-0.13617	0	
0.733333	0.355556	-0.149865	0	
0.755556	0.355556	-0.164283	0	
0.777778	0.355556	-0.17927	0	
0.8	0.355556	-0.194856	0	
0.822222	0.355556	-0.211083	0	
0.844444	0.355556	-0.227978	0	
0.866667	0.355556	-0.245548	0	
0.888889	0.355556	-0.263791	0	
0.911111	0.355556	-0.282698	0	
0.933333	0.355556	-0.302267	0	
0.955556	0.355556	-0.322514	0	
0.977778	0.355556	-0.34349	0	
1	0.355556	-0.365244	1	
0	0.377778	0.227389	1	
0.0222222	0.377778	0.227262	0	
0.0444444	0.377778	0.226869	0	
0.0666667	0.377778	0.226197	0	
0.0888889	0.377778	0.225226	0	
0.111111	0.377778	0.223929	0	
0.133333	0.377778	0.222269	0	
0.155556	0.377778	0.2202	0	
0.177778	0.377778	0.217662	0	
0.2	0.377778	0.21459	0	
0.222222	0.377778	0.210908	0	
0.244444	0.377778	0.206546	0	
0.266667	0.377778	0.201462	0	
0.288889	0.377778	0.195707	0	
0.311111	0.377778	0.189562	0	
0.333333	0.377778	0.183777	0	
0.355556	0.377778	0.176086	0	
0.377778	0.377778	0.146846	0	
0.4	0.377778	0.123387	0	
0.422222	0.377778	0.104109	0	
0.444444	0.377778	0.0873991	0	
0.466667	0.377778	0.0720365	0	
0.488889	0.377778	0.0571334	0	
0.511111	0.377778	0.0420139	0	
0.533333	0.377778	0.0261127	0	
0.555556	0.377778	0.00889632	0	
0.577778	0.377778	-0.0102114	0	
0.6	0.377778	-0.0319132	0	
0.622222	0.377778	-0.057138	0	
0.644444	0.377778	-0.0871103	0	
0.666667	0.377778	-0.123154	0	
0.688889	0.377778	-0.132566	0	
0.711111	0.377778	-0.141451	0	
0.733333	0.377778	-0.152908	0	
0.755556	0.377778	-0.165957	0	
0.777778	0.377778	-0.180153	0	
0.8	0.377778	-0.195299	0	
0.822222	0.377778	-0.211297	0	
0.844444	0.377778	-0.228087	0	
0.866667	0.377778	-0.245627	0	
0.888889	0.377778	-0.26388	0	
0.911111	0.377778	-0.282819	0	
0.933333	0.377778	-0.302425	0	
0.955556	0.377778	-0.322688	0	
0.977778	0.377778	-0.343604	0	
1	0.377778	-0.365128	1	
0	0.4	0.230118	1	
0.0222222	0.4	0.230005	0	
0.0444444	0.4	0.22966	0	
0.0666667	0.4	0.229073	0	
0.0888889	0.4	0.228228	0	
0.111111	0.4	0.227102	0	
0.133333	0.4	0.225668	0	
0.155556	0.4	0.223889	0	
0.177778	0.4	0.221725	0	
0.2	0.4	0.219134	0	
0.222222	0.4	0.216077	0	
0.244444	0.4	0.212533	0	
0.266667	0.4	0.208526	0	
0.288889	0.4	0.204171	0	
0.311111	0.4	0.199743	0	
0.333333	0.4	0.195753	0	
0.355556	0.4	0.19027	0	
0.377778	0.4	0.165512	0	
0.4	0.4	0.14374	0	
0.422222	0.4	0.124506	0	
0.444444	0.4	0.106956	0	
0.466667	0.4	0.0902311	0	
0.488889	0.4	0.0735785	0	
0.511111	0.4	0.0563539	0	
0.533333	0.4	0.0379845	0	
0.555556	0.4	0.0179283	0	
0.577778	0.4	-0.00436446	0	
0.6	0.4	-0.0294836	0	
0.622222	0.4	-0.0580706	0	
0.644444	0.4	-0.090759	0	
0.666667	0.4	-0.127935	0	
0.688889	0.4	-0.136547	0	
0.711111	0.4	-0.144159	0	
0.733333	0.4	-0.15436	0	
0.755556	0.4	-0.166483	0	
0.777778	0.4	-0.180086	0	
0.8	0.4	-0.19489	0	
0.822222	0.4	-0.210718	0	
0.844444	0.4	-0.227448	0	
0.866667	0.4	-0.244991	0	
0.888889	0.4	-0.263283	0	
0.911111	0.4	-0.282272	0	
0.933333	0.4	-0.301924	0	
0.955556	0.4	-0.322211	0	
0.977778	0.4	-0.343108	0	
1	0.4	-0.364582	1	
0	0.422222	0.233075	1	
0.0222222	0.422222	0.23298	0	
0.0444444	0.422222	0.232694	0	
0.0666667	0.422222	0.232208	0	
0.0888889	0.422222	0.23151	0	
0.111111	0.422222	0.230584	0	
0.133333	0.422222	0.22941	0	
0.155556	0.422222	0.227962	0	
0.177778	0.422222	0.226215	0	
0.2	0.422222	0.224144	0	
0.222222	0.422222	0.221732	0	
0.244444	0.422222	0.218982	0	
0.266667	0.422222	0.215938	0	
0.288889	0.422222	0.212707	0	
0.311111	0.422222	0.209489	0	
0.333333	0.422222	0.206582	0	
0.355556	0.422222	0.202293	0	
0.377778	0.422222	0.181192	0	
0.4	0.422222	0.161554	0	
0.422222	0.422222	0.143219	0	
0.444444	0.422222	0.12569	0	
0.466667	0.422222	0.108353	0	
0.488889	0.422222	0.0905956	0	
0.511111	0.422222	0.0718389	0	
0.533333	0.422222	0.0515432	0	
0.555556	0.422222	0.0291967	0	
0.577778	0.422222	0.00430901	0	
0.6	0.422222	-0.0235862	0	
0.622222	0.422222	-0.0549018	0	
0.644444	0.422222	-0.0899198	0	
0.666667	0.422222	-0.128641	0	
0.688889	0.422222	-0.137144	0	
0.711111	0.422222	-0.144279	0	
0.733333	0.422222	-0.153891	0	
0.755556	0.422222	-0.16553	0	
0.777778	0.422222	-0.178816	0	
0.8	0.422222	-0.193458	0	
0.822222	0.422222	-0.209238	0	
0.844444	0.422222	-0.225995	0	
0.866667	0.422222	-0.243608	0	
0.888889	0.422222	-0.261987	0	
0.911111	0.422222	-0.281064	0	
0.933333	0.422222	-0.300788	0	
0.955556	0.422222	-0.321122	0	
0.977778	0.422222	-0.342037	0	
1	0.422222	-0.363506	1	
0	0.444444	0.23622	1	
0.0222222	0.444444	0.236147	0	
0.0444444	0.444444	0.235927	0	
0.0666667	0.444444	0.235554	0	
0.0888889	0.444444	0.23502	0	
0.111111	0.444444	0.234315	0	
0.133333	0.444444	0.233426	0	
0.155556	0.444444	0.232336	0	
0.177778	0.444444	0.23103	0	
0.2	0.444444	0.229494	0	
0.222222	0.444444	0.227724	0	
0.244444	0.444444	0.225726	0	
0.266667	0.444444	0.223537	0	
0.288889	0.444444	0.22123	0	
0.311111	0.444444	0.218922	0	
0.333333	0.444444	0.216768	0	
0.355556	0.444444	0.213319	0	
0.377778	0.444444	0.19541	0	
0.4	0.444444	0.178065	0	
0.422222	0.444444	0.161127	0	
0.444444	0.444444	0.14423	0	
0.466667	0.444444	0.126896	0	
0.488889	0.444444	0.108612	0	
0.511111	0.444444	0.0888632	0	
0.533333	0.444444	0.0671526	0	
0.555556	0.444444	0.0430066	0	
0.577778	0.444444	0.01599	0	
0.6	0.444444	-0.0142685	0	
0.622222	0.444444	-0.0480304	0	
0.644444	0.444444	-0.0853778	0	
0.666667	0.444444	-0.126127	0	
0.688889	0.444444	-0.13485	0	
0.711111	0.444444	-0.14192	0	
0.733333	0.444444	-0.151395	0	
0.755556	0.444444	-0.16293	0	
0.777778	0.444444	-0.176191	0	
0.8	0.444444	-0.190887	0	
0.822222	0.444444	-0.206781	0	
0.844444	0.444444	-0.223686	0	
0.866667	0.444444	-0.24146	0	
0.888889	0.444444	-0.259994	0	
0.911111	0.444444	-0.279208	0	
0.933333	0.444444	-0.299042	0	
0.955556	0.444444	-0.319453	0	
0.977778	0.444444	-0.34041	0	
1	0.444444	-0.361891	1	
0	0.466667	0.239511	1	
0.0222222	0.466667	0.239462	0	
0.0444444	0.466667	0.239312	0	
0.0666667	0.466667	0.23906	0	
0.0888889	0.466667	0.238702	0	
0.111111	0.466667	0.238231	0	
0.133333	0.466667	0.237642	0	
0.155556	0.466667	0.236925	0	
0.177778	0.466667	0.236074	0	
0.2	0.466667	0.23508	0	
0.222222	0.466667	0.233942	0	
0.244444	0.466667	0.232662	0	
0.266667	0.466667	0.231256	0	
0.288889	0.466667	0.229753	0	
0.311111	0.466667	0.2282	0	
0.333333	0.466667	0.226653	0	
0.355556	0.466667	0.223921	0	
0.377778	0.466667	0.209064	0	
0.4	0.466667	0.194167	0	
0.422222	0.466667	0.178996	0	
0.444444	0.466667	0.163208	0	
0.466667	0.466667	0.14639	0	
0.488889	0.466667	0.128092	0	
0.511111	0.466667	0.10785	0	
0.533333	0.466667	0.0851973	0	
0.555556	0.466667	0.0596871	0	
0.577778	0.466667	0.0309131	0	
0.6	0.466667	-0.0014471	0	
0.622222	0.466667	-0.0375736	0	
0.644444	0.466667	-0.0774341	0	
0.666667	0.466667	-0.120722	0	
0.688889	0.466667	-0.129881	0	
0.711111	0.466667	-0.137159	0	
0.733333	0.466667	-0.146838	0	
0.755556	0.466667	-0.158604	0	
0.777778	0.466667	-0.172131	0	
0.8	0.466667	-0.187118	0	
0.822222	0.466667	-0.203312	0	
0.844444	0.466667	-0.220508	0	
0.866667	0.466667	-0.23855	0	
0.888889	0.466667	-0.257321	0	
0.911111	0.466667	-0.276732	0	
0.933333	0.466667	-0.296719	0	
0.955556	0.466667	-0.317239	0	
0.977778	0.466667	-0.338259	0	
1	0.466667	-0.35976	1	
0	0.488889	0.242901	1	
0.0222222	0.488889	0.242876	0	
0.0444444	0.488889	0.2428	0	
0.0666667	0.488889	0.242674	0	
0.0888889	0.488889	0.242496	0	
0.111111	0.488889	0.242266	0	
0.133333	0.488889	0.241984	0	
0.155556	0.488889	0.241649	0	
0.177778	0.488889	0.241259	0	
0.2	0.488889	0.240812	0	
0.222222	0.488889	0.240303	0	
0.244444	0.488889	0.239725	0	
0.266667	0.488889	0.239071	0	
0.288889	0.488889	0.238325	0	
0.311111	0.488889	0.237471	0	
0.333333	0.488889	0.236487	0	
0.355556	0.488889	0.234455	0	
0.377778	0.488889	0.222759	0	
0.4	0.488889	0.210544	0	
0.422222	0.488889	0.197482	0	
0.444444	0.488889	0.183216	0	
0.466667	0.488889	0.167364	0	
0.488889	0.488889	0.149518	0	
0.511111	0.488889	0.129246	0	
0.533333	0.488889	0.1061	0	
0.555556	0.488889	0.0796313	0	
0.577778	0.488889	0.0494222	0	
0.6	0.488889	0.0151407	0	
0.622222	0.488889	-0.0233829	0	
0.644444	0.488889	-0.0660631	0	
0.666667	0.488889	-0.112482	0	
0.688889	0.488889	-0.122277	0	
0.711111	0.488889	-0.129996	0	
0.733333	0.488889	-0.140192	0	
0.755556	0.488889	-0.152519	0	
0.777778	0.488889	-0.166612	0	
0.8	0.488889	-0.182143	0	
0.822222	0.488889	-0.198839	0	
0.844444	0.488889	-0.216484	0	
0.866667	0.488889	-0.234914	0	
0.888889	0.488889	-0.254007	0	
0.911111	0.488889	-0.273679	0	
0.933333	0.488889	-0.293865	0	
0.955556	0.488889	-0.314524	0	
0.977778	0.488889	-0.335626	0	
1	0.488889	-0.357154	1	
0	0.511111	0.246342	1	
0.0222222	0.511111	0.246341	0	
0.0444444	0.511111	0.246339	0	
0.0666667	0.511111	0.246338	0	
0.0888889	0.511111	0.246341	0	
0.111111	0.511111	0.246354	0	
0.133333	0.511111	0.246381	0	
0.155556	0.511111	0.246428	0	
0.177778	0.511111	0.246502	0	
0.2	0.511111	0.246604	0	
0.222222	0.511111	0.246731	0	
0.244444	0.511111	0.246866	0	
0.266667	0.511111	0.246977	0	
0.288889	0.511111	0.247007	0	
0.311111	0.511111	0.246873	0	
0.333333	0.511111	0.246476	0	
0.355556	0.511111	0.245198	0	
0.377778	0.511111	0.236972	0	
0.4	0.511111	0.22777	0	
0.422222	0.511111	0.217171	0	
0.444444	0.511111	0.204809	0	
0.466667	0.511111	0.190332	0	
0.488889	0.511111	0.173369	0	
0.511111	0.511111	0.153517	0	
0.533333	0.511111	0.130326	0	
0.555556	0.511111	0.103316	0	
0.577778	0.511111	0.0720039	0	
0.6	0.511111	0.0359707	0	
0.622222	0.511111	-0.0050354	0	
0.644444	0.511111	-0.0509532	0	
0.666667	0.511111	-0.10126	0	
0.688889	0.511111	-0.11193	0	
0.711111	0.511111	-0.120354	0	
0.733333	0.511111	-0.131418	0	
0.755556	0.511111	-0.144665	0	
0.777778	0.511111	-0.159654	0	
0.8	0.511111	-0.176004	0	
0.822222	0.511111	-0.193419	0	
0.844444	0.511111	-0.211675	0	
0.866667	0.511111	-0.230612	0	
0.888889	0.511111	-0.250117	0	
0.911111	0.511111	-0.27011	0	
0.933333	0.511111	-0.290538	0	
0.955556	0.511111	-0.311365	0	
0.977778	0.511111	-0.332566	0	
1	0.511111	-0.354127	1	
0	0.533333	0.249784	1	
0.0222222	0.533333	0.249807	0	
0.0444444	0.533333	0.249877	0	
0.0666667	0.533333	0.249998	0	
0.0888889	0.533333	0.250178	0	
0.111111	0.533333	0.250426	0	
0.133333	0.533333	0.250756	0	
0.155556	0.533333	0.251181	0	
0.177778	0.533333	0.251717	0	
0.2	0.533333	0.252373	0	
0.222222	0.533333	0.25315	0	
0.244444	0.533333	0.254031	0	
0.266667	0.533333	0.254963	0	
0.288889	0.533333	0.255851	0	
0.311111	0.533333	0.256539	0	
0.333333	0.533333	0.256825	0	
0.355556	0.533333	0.256419	0	
0.377778	0.533333	0.252163	0	
0.4	0.533333	0.246393	0	
0.422222	0.533333	0.238625	0	
0.444444	0.533333	0.228518	0	
0.466667	0.533333	0.215784	0	
0.488889	0.533333	0.200111	0	
0.511111	0.533333	0.181127	0	
0.533333	0.533333	0.158372	0	
0.555556	0.533333	0.131302	0	
0.577778	0.533333	0.0993069	0	
0.6	0.533333	0.0617737	0	
0.622222	0.533333	0.0182238	0	
0.644444	0.533333	-0.0314543	0	
0.666667	0.533333	-0.0866873	0	
0.688889	0.533333	-0.0985759	0	
0.711111	0.533333	-0.108074	0	
0.733333	0.533333	-0.120459	0	
0.755556	0.533333	-0.135072	0	
0.777778	0.533333	-0.151333	0	
0.8	0.533333	-0.1688	0	
0.822222	0.533333	-0.187156	0	
0.844444	0.533333	-0.206185	0	
0.866667	0.533333	-0.225743	0	
0.888889	0.533333	-0.245737	0	
0.911111	0.533333	-0.266107	0	
0.933333	0.533333	-0.286813	0	
0.955556	0.533333	-0.307832	0	
0.977778	0.533333	-0.329146	0	
1	0.533333	-0.350745	1	
0	0.555556	0.253181	1	
0.0222222	0.555556	0.253226	0	
0.0444444	0.555556	0.253364	0	
0.0666667	0.555556	0.2536	0	
0.0888889	0.555556	0.253946	0	
0.111111	0.555556	0.254417	0	
0.133333	0.555556	0.255035	0	
0.155556	0.555556	0.255824	0	
0.177778	0.555556	0.256811	0	
0.2	0.555556	0.258021	0	
0.222222	0.555556	0.259467	0	
0.244444	0.555556	0.261142	0	
0.266667	0.555556	0.262995	0	
0.288889	0.555556	0.264896	0	
0.311111	0.555556	0.266607	0	
0.333333	0.555556	0.267773	0	
0.355556	0.555556	0.26845	0	
0.377778	0.555556	0.268867	0	
0.4	0.555556	0.267013	0	
0.422222	0.555556	0.262416	0	
0.444444	0.555556	0.254856	0	
0.466667	0.555556	0.244175	0	
0.488889	0.555556	0.230165	0	
0.511111	0.555556	0.212507	0	
0.533333	0.555556	0.190734	0	
0.555556	0.555556	0.164215	0	
0.577778	0.555556	0.132148	0	
0.6	0.555556	0.0935933	0	
0.622222	0.555556	0.0476112	0	
0.644444	0.555556	-0.00640037	0	
0.666667	0.555556	-0.0680524	0	
0.688889	0.555556	-0.0817406	0	
0.711111	0.555556	-0.0929053	0	
0.733333	0.555556	-0.107274	0	
0.755556	0.555556	-0.123829	0	
0.777778	0.555556	-0.141807	0	
0.8	0.555556	-0.160708	0	
0.822222	0.555556	-0.180221	0	
0.844444	0.555556	-0.200166	0	
0.866667	0.555556	-0.220439	0	
0.888889	0.555556	-0.240982	0	
0.911111	0.555556	-0.261767	0	
0.933333	0.555556	-0.282777	0	
0.955556	0.555556	-0.304004	0	
0.977778	0.555556	-0.325441	0	
1	0.555556	-0.347082	1	
0	0.577778	0.256486	1	
0.0222222	0.577778	0.256553	0	
0.0444444	0.577778	0.256753	0	
0.0666667	0.577778	0.257093	0	
0.0888889	0.577778	0.257588	0	
0.111111	0.577778	0.258262	0	
0.133333	0.577778	0.259143	0	
0.155556	0.577778	0.260269	0	
0.177778	0.577778	0.261684	0	
0.2	0.577778	0.263431	0	
0.222222	0.577778	0.265554	0	
0.244444	0.577778	0.268078	0	
0.266667	0.577778	0.270978	0	
0.288889	0.577778	0.274131	0	
0.311111	0.577778	0.277221	0	
0.333333	0.577778	0.279654	0	
0.355556	0.577778	0.281805	0	
0.377778	0.577778	0.287843	0	
0.4	0.577778	0.290377	0	
0.422222	0.577778	0.289171	0	
0.444444	0.577778	0.284314	0	
0.466667	0.577778	0.275895	0	
0.488889	0.577778	0.263869	0	
0.511111	0.577778	0.248001	0	
0.533333	0.577778	0.227841	0	
0.555556	0.577778	0.202676	0	
0.577778	0.577778	0.171476	0	
0.6	0.577778	0.132841	0	
0.622222	0.577778	0.085028	0	
0.644444	0.577778	0.0262941	0	
0.666667	0.577778	-0.0439642	0	
0.688889	0.577778	-0.0606276	0	
0.711111	0.577778	-0.0745323	0	
0.733333	0.577778	-0.0919041	0	
0.755556	0.577778	-0.111162	0	
0.777778	0.577778	-0.13136	0	
0.8	0.577778	-0.152003	0	
0.822222	0.577778	-0.172855	0	
0.844444	0.577778	-0.193819	0	
0.866667	0.577778	-0.214863	0	
0.888889	0.577778	-0.235986	0	
0.911111	0.577778	-0.257201	0	
0.933333	0.577778	-0.278522	0	
0.955556	0.577778	-0.299964	0	
0.977778	0.577778	-0.321533	0	
1	0.577778	-0.343223	1	
0	0.6	0.259657	1	
0.0222222	0.6	0.259747	0	
0.0444444	0.6	0.260002	0	
0.0666667	0.6	0.26043	0	
0.0888889	0.6	0.261052	0	
0.111111	0.6	0.261898	0	
0.133333	0.6	0.263006	0	
0.155556	0.6	0.264427	0	
0.177778	0.6	0.266222	0	
0.2	0.6	0.268466	0	
0.222222	0.6	0.271241	0	
0.244444	0.6	0.274636	0	
0.266667	0.6	0.278709	0	
0.288889	0.6	0.283427	0	
0.311111	0.6	0.288493	0	
0.333333	0.6	0.293005	0	
0.355556	0.6	0.297478	0	
0.377778	0.6	0.310322	0	
0.4	0.6	0.317483	0	
0.422222	0.6	0.319576	0	
0.444444	0.6	0.317334	0	
0.466667	0.6	0.311224	0	
0.488889	0.6	0.301413	0	
0.511111	0.6	0.287789	0	
0.533333	0.6	0.269954	0	
0.555556	0.6	0.247172	0	
0.577778	0.6	0.21824	0	
0.6	0.6	0.181266	0	
0.622222	0.6	0.133366	0	
0.644444	0.6	0.0705131	0	
0.666667	0.6	-0.0113197	0	
0.688889	0.6	-0.0339382	0	
0.711111	0.6	-0.0526924	0	
0.733333	0.6	-0.0746481	0	
0.755556	0.6	-0.0975537	0	
0.777778	0.6	-0.120468	0	
0.8	0.6	-0.143088	0	
0.822222	0.6	-0.165377	0	
0.844444	0.6	-0.187391	0	
0.866667	0.6	-0.209207	0	
0.888889	0.6	-0.230899	0	
0.911111	0.6	-0.252529	0	
0.933333	0.6	-0.274148	0	
0.955556	0.6	-0.295797	0	
0.977778	0.6	-0.317505	0	
1	0.6	-0.339265	1	
0	0.622222	0.262647	1	
0.0222222	0.622222	0.262775	0	
0.0444444	0.622222	0.263078	0	
0.0666667	0.622222	0.263574	0	
0.0888889	0.622222	0.264293	0	
0.111111	0.622222	0.265272	0	
0.133333	0.622222	0.266557	0	
0.155556	0.622222	0.26821	0	
0.177778	0.622222	0.270313	0	
0.2	0.622222	0.272968	0	
0.222222	0.622222	0.27631	0	
0.244444	0.622222	0.280514	0	
0.266667	0.622222	0.285795	0	
0.288889	0.622222	0.292376	0	
0.311111	0.622222	0.300317	0	
0.333333	0.622222	0.308772	0	
0.355556	0.622222	0.317854	0	
0.377778	0.622222	0.338484	0	
0.4	0.622222	0.349655	0	
0.422222	0.622222	0.354318	0	
0.444444	0.622222	0.354223	0	
0.466667	0.622222	0.350254	0	
0.488889	0.622222	0.342772	0	
0.511111	0.622222	0.331787	0	
0.533333	0.622222	0.317014	0	
0.555556	0.622222	0.297818	0	
0.577778	0.622222	0.273045	0	
0.6	0.622222	0.240618	0	
0.622222	0.622222	0.196657	0	
0.644444	0.622222	0.133712	0	
0.666667	0.622222	0.0383525	0	
0.688889	0.622222	0.000179538	0	
0.711111	0.622222	-0.027651	0	
0.733333	0.622222	-0.056442	0	
0.755556	0.622222	-0.0839376	0	
0.777778	0.622222	-0.109869	0	
0.8	0.622222	-0.134504	0	
0.822222	0.622222	-0.158175	0	
0.844444	0.622222	-0.181162	0	
0.866667	0.622222	-0.203676	0	
0.888889	0.622222	-0.225873	0	
0.911111	0.622222	-0.247868	0	
0.933333	0.622222	-0.269743	0	
0.955556	0.622222	-0.291572	0	
0.977778	0.622222	-0.313424	0	
1	0.622222	-0.33535	1	
0	0.644444	0.265383	1	
0.0222222	0.644444	0.265629	0	
0.0444444	0.644444	0.26596	0	
0.0666667	0.644444	0.266494	0	
0.0888889	0.644444	0.267274	0	
0.111111	0.644444	0.268338	0	
0.133333	0.644444	0.269739	0	
0.155556	0.644444	0.271545	0	
0.177778	0.644444	0.273851	0	
0.2	0.644444	0.276782	0	
0.222222	0.644444	0.280518	0	
0.244444	0.644444	0.285317	0	
0.266667	0.644444	0.29158	0	
0.288889	0.644444	0.299966	0	
0.311111	0.644444	0.311628	0	
0.333333	0.644444	0.328608	0	
0.355556	0.644444	0.349959	0	
0.377778	0.644444	0.376107	0	
0.4	0.644444	0.388337	0	
0.422222	0.644444	0.393818	0	
0.444444	0.644444	0.394987	0	
0.466667	0.644444	0.392799	0	
0.488889	0.644444	0.387633	0	
0.511111	0.644444	0.379575	0	
0.533333	0.644444	0.368496	0	
0.555556	0.644444	0.354041	0	
0.577778	0.644444	0.335506	0	
0.6	0.644444	0.311503	0	
0.622222	0.644444	0.278934	0	
0.644444	0.644444	0.229325	0	
0.666667	0.644444	0.133861	0	
0.688889	0.644444	0.042339	0	
0.711111	0.644444	-0.00164925	0	
0.733333	0.644444	-0.0395312	0	
0.755556	0.644444	-0.0718859	0	
0.777778	0.644444	-0.100566	0	
0.8	0.644444	-0.126883	0	
0.822222	0.644444	-0.151657	0	
0.844444	0.644444	-0.175405	0	
0.866667	0.644444	-0.198462	0	
0.888889	0.644444	-0.221051	0	
0.911111	0.644444	-0.243324	0	
0.933333	0.644444	-0.265387	0	
0.955556	0.644444	-0.287322	0	
0.977778	0.644444	-0.309268	0	
1	0.644444	-0.331809	1	
0	0.666667	0.271176	1	
0.0222222	0.666667	0.270687	0	
0.0444444	0.666667	0.270886	0	
0.0666667	0.666667	0.271425	0	
0.0888889	0.666667	0.272254	0	
0.111111	0.666667	0.273395	0	
0.133333	0.666667	0.274899	0	
0.155556	0.666667	0.276838	0	
0.177778	0.666667	0.279315	0	
0.2	0.666667	0.282474	0	
0.222222	0.666667	0.286524	0	
0.244444	0.666667	0.291787	0	
0.266667	0.666667	0.298818	0	
0.288889	0.666667	0.3087	0	
0.311111	0.666667	0.323976	0	
0.333333	0.666667	0.351963	0	
0.355556	0.666667	0.373438	0	
0.377778	0.666667	0.389273	0	
0.4	0.666667	0.398438	0	
0.422222	0.666667	0.402959	0	
0.444444	0.666667	0.403925	0	
0.466667	0.666667	0.401888	0	
0.488889	0.666667	0.397104	0	
0.511111	0.666667	0.389636	0	
0.533333	0.666667	0.379392	0	
0.555556	0.666667	0.366118	0	
0.577778	0.666667	0.349347	0	
0.6	0.666667	0.328286	0	
0.622222	0.666667	0.301638	0	
0.644444	0.666667	0.267552	0	
0.666667	0.666667	0.225412	0	
0.688889	0.666667	0.13388	0	
0.711111	0.666667	0.0361898	0	
0.733333	0.666667	-0.0173266	0	
0.755556	0.666667	-0.0556523	0	
0.777778	0.666667	-0.0873052	0	
0.8	0.666667	-0.115412	0	
0.822222	0.666667	-0.141392	0	
0.844444	0.666667	-0.166006	0	
0.866667	0.666667	-0.189704	0	
0.888889	0.666667	-0.212771	0	
0.911111	0.666667	-0.235389	0	
0.933333	0.666667	-0.257662	0	
0.955556	0.666667	-0.279581	0	
0.977778	0.666667	-0.30079	0	
1	0.666667	-0.319383	1	
0	0.688889	0.296795	1	
0.0222222	0.688889	0.29679	0	
0.0444444	0.688889	0.297126	0	
0.0666667	0.688889	0.297816	0	
0.0888889	0.688889	0.298865	0	
0.111111	0.688889	0.300303	0	
0.133333	0.688889	0.302187	0	
0.155556	0.688889	0.304601	0	
0.177778	0.688889	0.307666	0	
0.2	0.688889	0.311554	0	
0.222222	0.688889	0.31652	0	
0.244444	0.688889	0.322957	0	
0.266667	0.688889	0.331503	0	
0.288889	0.688889	0.343249	0	
0.311111	0.688889	0.360115	0	
0.333333	0.688889	0.385212	0	
0.355556	0.688889	0.394623	0	
0.377778	0.688889	0.402184	0	
0.4	0.688889	0.40794	0	
0.422222	0.688889	0.41101	0	
0.444444	0.688889	0.411392	0	
0.466667	0.688889	0.409222	0	
0.488889	0.688889	0.404595	0	
0.511111	0.688889	0.397529	0	
0.533333	0.688889	0.38796	0	
0.555556	0.688889	0.375733	0	
0.577778	0.688889	0.360606	0	
0.6	0.688889	0.342265	0	
0.622222	0.688889	0.320449	0	
0.644444	0.688889	0.295423	0	
0.666667	0.688889	0.269428	0	
0.688889	0.688889	0.231586	0	
0.711111	0.688889	0.133869	0	
0.733333	0.688889	0.0668228	0	
0.755556	0.688889	0.0169502	0	
0.777778	0.688889	-0.0232347	0	
0.8	0.688889	-0.0576332	0	
0.822222	0.688889	-0.0883529	0	
0.844444	0.688889	-0.116603	0	
0.866667	0.688889	-0.143115	0	
0.888889	0.688889	-0.168353	0	
0.911111	0.688889	-0.19261	0	
0.933333	0.688889	-0.216061	0	
0.955556	0.688889	-0.238773	0	
0.977778	0.688889	-0.260706	0	
1	0.688889	-0.281886	1	
0	0.711111	0.322425	1	
0.0222222	0.711111	0.322552	0	
0.0444444	0.711111	0.323014	0	
0.0666667	0.711111	0.32385	0	
0.0888889	0.711111	0.325087	0	
0.111111	0.711111	0.326766	0	
0.133333	0.711111	0.328946	0	
0.155556	0.711111	0.331715	0	
0.177778	0.711111	0.335194	0	
0.2	0.711111	0.339556	0	
0.222222	0.711111	0.345047	0	
0.244444	0.711111	0.352019	0	
0.266667	0.711111	0.360987	0	
0.288889	0.711111	0.372678	0	
0.311111	0.711111	0.388024	0	
0.333333	0.711111	0.407797	0	
0.355556	0.711111	0.413003	0	
0.377778	0.711111	0.416901	0	
0.4	0.711111	0.420128	0	
0.422222	0.711111	0.421748	0	
0.444444	0.711111	0.421411	0	
0.466667	0.711111	0.419013	0	
0.488889	0.711111	0.414524	0	
0.511111	0.711111	0.407927	0	
0.533333	0.711111	0.399185	0	
0.555556	0.711111	0.388249	0	
0.577778	0.711111	0.375079	0	
0.6	0.711111	0.359719	0	
0.622222	0.711111	0.342468	0	
0.644444	0.711111	0.324263	0	
0.666667	0.711111	0.307348	0	
0.688889	0.711111	0.285128	0	
0.711111	0.711111	0.200877	0	
0.733333	0.711111	0.133799	0	
0.755556	0.711111	0.0798651	0	
0.777778	0.711111	0.0350494	0	
0.8	0.711111	-0.0035333	0	
0.822222	0.711111	-0.0377833	0	
0.844444	0.711111	-0.0689358	0	
0.866667	0.711111	-0.0978003	0	
0.888889	0.711111	-0.124915	0	
0.911111	0.711111	-0.150636	0	
0.933333	0.711111	-0.175198	0	
0.955556	0.711111	-0.198743	0	
0.977778	0.711111	-0.221375	0	
1	0.711111	-0.243268	1	
0	0.733333	0.347802	1	
0.0222222	0.733333	0.347978	0	
0.0444444	0.733333	0.348529	0	
0.0666667	0.733333	0.349482	0	
0.0888889	0.733333	0.350868	0	
0.111111	0.733333	0.352727	0	
0.133333	0.733333	0.355117	0	
0.155556	0.733333	0.358118	0	
0.177778	0.733333	0.361839	0	
0.2	0.733333	0.366431	0	
0.222222	0.733333	0.372092	0	
0.244444	0.733333	0.379087	0	
0.266667	0.733333	0.387748	0	
0.288889	0.733333	0.398452	0	
0.311111	0.733333	0.411508	0	
0.333333	0.733333	0.426837	0	
0.355556	0.733333	0.430166	0	
0.377778	0.733333	0.432288	0	
0.4	0.733333	0.433923	0	
0.422222	0.733333	0.434443	0	
0.444444	0.733333	0.433493	0	
0.466667	0.733333	0.430893	0	
0.488889	0.733333	0.426563	0	
0.511111	0.733333	0.420469	0	
0.533333	0.733333	0.412604	0	
0.555556	0.733333	0.402998	0	
0.577778	0.733333	0.391743	0	
0.6	0.733333	0.379063	0	
0.622222	0.733333	0.365442	0	
0.644444	0.733333	0.351813	0	
0.666667	0.733333	0.339747	0	
0.688889	0.733333	0.323484	0	
0.711111	0.733333	0.250714	0	
0.733333	0.733333	0.18763	0	
0.755556	0.733333	0.133662	0	
0.777778	0.733333	0.0871004	0	
0.8	0.733333	0.046234	0	
0.822222	0.733333	0.00968863	0	
0.844444	0.733333	-0.0235566	0	
0.866667	0.733333	-0.0542357	0	
0.888889	0.733333	-0.0828695	0	
0.911111	0.733333	-0.109823	0	
0.933333	0.733333	-0.13535	0	
0.955556	0.733333	-0.159626	0	
0.977778	0.733333	-0.182784	0	
1	0.733333	-0.204956	1	
0	0.755556	0.372829	1	
0.0222222	0.755556	0.37303	0	
0.0444444	0.755556	0.373641	0	
0.0666667	0.755556	0.374682	0	
0.0888889	0.755556	0.376176	0	
0.111111	0.755556	0.378158	0	
0.133333	0.755556	0.380678	0	
0.155556	0.755556	0.383801	0	
0.177778	0.755556	0.387615	0	
0.2	0.755556	0.392236	0	
0.222222	0.755556	0.397804	0	
0.244444	0.755556	0.404489	0	
0.266667	0.755556	0.412465	0	
0.288889	0.755556	0.421874	0	
0.311111	0.755556	0.432719	0	
0.333333	0.755556	0.444684	0	
0.355556	0.755556	0.446986	0	
0.377778	0.755556	0.448163	0	
0.4	0.755556	0.448832	0	
0.422222	0.755556	0.44861	0	
0.444444	0.755556	0.447223	0	
0.466667	0.755556	0.444504	0	
0.488889	0.755556	0.440366	0	
0.511111	0.755556	0.43478	0	
0.533333	0.755556	0.427765	0	
0.555556	0.755556	0.419397	0	
0.577778	0.755556	0.40983	0	
0.6	0.755556	0.399348	0	
0.622222	0.755556	0.388425	0	
0.644444	0.755556	0.3778	0	
0.666667	0.755556	0.368473	0	
0.688889	0.755556	0.355169	0	
0.711111	0.755556	0.290865	0	
0.733333	0.755556	0.232345	0	
0.755556	0.755556	0.180054	0	
0.777778	0.755556	0.133456	0	
0.8	0.755556	0.0916805	0	
0.822222	0.755556	0.0538605	0	
0.844444	0.755556	0.0192567	0	
0.866667	0.755556	-0.0127164	0	
0.888889	0.755556	-0.0425042	0	
0.911111	0.755556	-0.0704368	0	
0.933333	0.755556	-0.0967534	0	
0.955556	0.755556	-0.121626	0	
0.977778	0.755556	-0.14518	0	
1	0.755556	-0.167508	1	
0	0.777778	0.397454	1	
0.0222222	0.777778	0.397671	0	
0.0444444	0.777778	0.398326	0	
0.0666667	0.777778	0.399428	0	
0.0888889	0.777778	0.400996	0	
0.111111	0.777778	0.403053	0	
0.133333	0.777778	0.405635	0	
0.155556	0.777778	0.408792	0	
0.177778	0.777778	0.412586	0	
0.2	0.777778	0.417093	0	
0.222222	0.777778	0.422401	0	
0.244444	0.777778	0.428598	0	
0.266667	0.777778	0.435751	0	
0.288889	0.777778	0.443863	0	
0.311111	0.777778	0.452809	0	
0.333333	0.777778	0.462251	0	
0.355556	0.777778	0.463912	0	
0.377778	0.777778	0.464544	0	
0.4	0.777778	0.464632	0	
0.422222	0.777778	0.463942	0	
0.444444	0.777778	0.462286	0	
0.466667	0.777778	0.459534	0	
0.488889	0.777778	0.455617	0	
0.511111	0.777778	0.45052	0	
0.533333	0.777778	0.44428	0	
0.555556	0.777778	0.436994	0	
0.577778	0.777778	0.428834	0	
0.6	0.777778	0.420073	0	
0.622222	0.777778	0.411112	0	
0.644444	0.777778	0.402488	0	
0.666667	0.777778	0.394834	0	
0.688889	0.777778	0.383307	0	
0.711111	0.777778	0.325231	0	
0.733333	0.777778	0.270831	0	
0.755556	0.777778	0.220754	0	
0.777778	0.777778	0.174989	0	
0.8	0.777778	0.133172	0	
0.822222	0.777778	0.0948161	0	
0.844444	0.777778	0.0594393	0	
0.866667	0.777778	0.0266178	0	
0.888889	0.777778	-0.0039941	0	
0.911111	0.777778	-0.0326661	0	
0.933333	0.777778	-0.0596006	0	
0.955556	0.777778	-0.0849448	0	
0.977778	0.777778	-0.108802	0	
1	0.777778	-0.131239	1	
0	0.8	0.421647	1	
0.0222222	0.8	0.421876	0	
0.0444444	0.8	0.422563	0	
0.0666667	0.8	0.42371	0	
0.0888889	0.8	0.425326	0	
0.111111	0.8	0.427422	0	
0.133333	0.8	0.430019	0	
0.155556	0.8	0.433147	0	
0.177778	0.8	0.436843	0	
0.2	0.8	0.44115	0	
0.222222	0.8	0.44611	0	
0.244444	0.8	0.451753	0	
0.266667	0.8	0.458077	0	
0.288889	0.8	0.465016	0	
0.311111	0.8	0.472406	0	
0.333333	0.8	0.479941	0	
0.355556	0.8	0.481169	0	
0.377778	0.8	0.48147	0	
0.4	0.8	0.481209	0	
0.422222	0.8	0.480242	0	
0.444444	0.8	0.478444	0	
0.466667	0.8	0.475728	0	
0.488889	0.8	0.472048	0	
0.511111	0.8	0.467403	0	
0.533333	0.8	0.461842	0	
0.555556	0.8	0.455466	0	
0.577778	0.8	0.448439	0	
0.6	0.8	0.440998	0	
0.622222	0.8	0.43346	0	
0.644444	0.8	0.426208	0	
0.666667	0.8	0.419649	0	
0.688889	0.8	0.409318	0	
0.711111	0.8	0.355924	0	
0.733333	0.8	0.304993	0	
0.755556	0.8	0.257143	0	
0.777778	0.8	0.212574	0	
0.8	0.8	0.171201	0	
0.822222	0.8	0.132793	0	
0.844444	0.8	0.0970666	0	
0.866667	0.8	0.0637427	0	
0.888889	0.8	0.0325762	0	
0.911111	0.8	0.00336712	0	
0.933333	0.8	-0.024038	0	
0.955556	0.8	-0.0497502	0	
0.977778	0.8	-0.0738439	0	
1	0.8	-0.0963629	1	
0	0.822222	0.445383	1	
0.0222222	0.822222	0.445623	0	
0.0444444	0.822222	0.446339	0	
0.0666667	0.822222	0.447525	0	
0.0888889	0.822222	0.449177	0	
0.111111	0.822222	0.451291	0	
0.133333	0.822222	0.453873	0	
0.155556	0.822222	0.456935	0	
0.177778	0.822222	0.460489	0	
0.2	0.822222	0.464554	0	
0.222222	0.822222	0.469136	0	
0.244444	0.822222	0.474228	0	
0.266667	0.822222	0.479787	0	
0.288889	0.822222	0.48572	0	
0.311111	0.822222	0.491858	0	
0.333333	0.822222	0.497942	0	
0.355556	0.822222	0.498866	0	
0.377778	0.822222	0.49896	0	
0.4	0.822222	0.498491	0	
0.422222	0.822222	0.497371	0	
0.444444	0.822222	0.495522	0	
0.466667	0.822222	0.492887	0	
0.488889	0.822222	0.489443	0	
0.511111	0.822222	0.485202	0	
0.533333	0.822222	0.480218	0	
0.555556	0.822222	0.474588	0	
0.577778	0.822222	0.468457	0	
0.6	0.822222	0.46202	0	
0.622222	0.822222	0.455522	0	
0.644444	0.822222	0.449235	0	
0.666667	0.822222	0.443431	0	
0.688889	0.822222	0.433958	0	
0.711111	0.822222	0.384154	0	
0.733333	0.822222	0.336073	0	
0.755556	0.822222	0.290253	0	
0.777778	0.822222	0.246963	0	
0.8	0.822222	0.206266	0	
0.822222	0.822222	0.168089	0	
0.844444	0.822222	0.132291	0	
0.866667	0.822222	0.0987101	0	
0.888889	0.822222	0.0671892	0	
0.911111	0.822222	0.0375965	0	
0.933333	0.822222	0.00983161	0	
0.955556	0.822222	-0.016174	0	
0.977778	0.822222	-0.0404605	0	
1	0.822222	-0.063047	1	
0	0.844444	0.46864	1	
0.0222222	0.844444	0.468893	0	
0.0444444	0.844444	0.469645	0	
0.0666667	0.844444	0.470876	0	
0.0888889	0.844444	0.472565	0	
0.111111	0.844444	0.474693	0	
0.133333	0.844444	0.477249	0	
0.155556	0.844444	0.480228	0	
0.177778	0.844444	0.483627	0	
0.2	0.844444	0.48744	0	
0.222222	0.844444	0.491653	0	
0.244444	0.844444	0.496235	0	
0.266667	0.844444	0.501124	0	
0.288889	0.844444	0.50622	0	
0.311111	0.844444	0.511365	0	
0.333333	0.844444	0.516344	0	
0.355556	0.844444	0.51705	0	
0.377778	0.844444	0.517012	0	
0.4	0.844444	0.516424	0	
0.422222	0.844444	0.515231	0	
0.444444	0.844444	0.513385	0	
0.466667	0.844444	0.510855	0	
0.488889	0.844444	0.507634	0	
0.511111	0.844444	0.503745	0	
0.533333	0.844444	0.499241	0	
0.555556	0.844444	0.494211	0	
0.577778	0.844444	0.48878	0	
0.6	0.844444	0.483105	0	
0.622222	0.844444	0.477372	0	
0.644444	0.844444	0.471779	0	
0.666667	0.844444	0.466516	0	
0.688889	0.844444	0.45768	0	
0.711111	0.844444	0.410661	0	
0.733333	0.844444	0.364892	0	
0.755556	0.844444	0.320832	0	
0.777778	0.844444	0.278761	0	
0.8	0.844444	0.238811	0	
0.822222	0.844444	0.201006	0	
0.844444	0.844444	0.1653	0	
0.866667	0.844444	0.131617	0	
0.888889	0.844444	0.0998739	0	
0.911111	0.844444	0.0699984	0	
0.933333	0.844444	0.0419421	0	
0.955556	0.844444	0.0156832	0	
0.977778	0.844444	-0.00877695	0	
1	0.844444	-0.0314256	1	
0	0.866667	0.491391	1	
0.0222222	0.866667	0.491666	0	
0.0444444	0.866667	0.492472	0	
0.0666667	0.866667	0.49377	0	
0.0888889	0.866667	0.495513	0	
0.111111	0.866667	0.497667	0	
0.133333	0.866667	0.500203	0	
0.155556	0.866667	0.503103	0	
0.177778	0.866667	0.506351	0	
0.2	0.866667	0.509927	0	
0.222222	0.866667	0.513803	0	
0.244444	0.866667	0.517935	0	
0.266667	0.866667	0.522256	0	
0.288889	0.866667	0.52667	0	
0.311111	0.866667	0.53104	0	
0.333333	0.866667	0.535185	0	
0.355556	0.866667	0.535735	0	
0.377778	0.866667	0.535615	0	
0.4	0.866667	0.534962	0	
0.422222	0.866667	0.533744	0	
0.444444	0.866667	0.531932	0	
0.466667	0.866667	0.529513	0	
0.488889	0.866667	0.526494	0	
0.511111	0.866667	0.522902	0	
0.533333	0.866667	0.51879	0	
0.555556	0.866667	0.514237	0	
0.577778	0.866667	0.509347	0	
0.6	0.866667	0.504247	0	
0.622222	0.866667	0.499081	0	
0.644444	0.866667	0.493995	0	
0.666667	0.866667	0.489125	0	
0.688889	0.866667	0.480769	0	
0.711111	0.866667	0.435917	0	
0.733333	0.866667	0.392005	0	
0.755556	0.866667	0.349421	0	
0.777778	0.866667	0.308437	0	
0.8	0.866667	0.269212	0	
0.822222	0.866667	0.231823	0	
0.844444	0.866667	0.196287	0	
0.866667	0.866667	0.162585	0	
0.888889	0.866667	0.130691	0	
0.911111	0.866667	0.100581	0	
0.933333	0.866667	0.0722552	0	
0.955556	0.866667	0.0457417	0	
0.977778	0.866667	0.0210952	0	
1	0.866667	-0.001623	1	
0	0.888889	0.513593	1	
0.0222222	0.888889	0.513908	0	
0.0444444	0.888889	0.51481	0	
0.0666667	0.888889	0.516217	0	
0.0888889	0.888889	0.518052	0	
0.111111	0.888889	0.520258	0	
0.133333	0.888889	0.522793	0	
0.155556	0.888889	0.525632	0	
0.177778	0.888889	0.528748	0	
0.2	0.888889	0.532114	0	
0.222222	0.888889	0.535696	0	
0.244444	0.888889	0.539445	0	
0.266667	0.888889	0.543297	0	
0.288889	0.888889	0.547166	0	
0.311111	0.888889	0.55094	0	
0.333333	0.888889	0.554473	0	
0.355556	0.888889	0.554918	0	
0.377778	0.888889	0.554749	0	
0.4	0.888889	0.554067	0	
0.422222	0.888889	0.552849	0	
0.444444	0.888889	0.551085	0	
0.466667	0.888889	0.548773	0	
0.488889	0.888889	0.545927	0	
0.511111	0.888889	0.542579	0	
0.533333	0.888889	0.53878	0	
0.555556	0.888889	0.534598	0	
0.577778	0.888889	0.530123	0	
0.6	0.888889	0.525456	0	
0.622222	0.888889	0.52071	0	
0.644444	0.888889	0.515995	0	
0.666667	0.888889	0.511413	0	
0.688889	0.888889	0.503417	0	
0.711111	0.888889	0.460235	0	
0.733333	0.888889	0.417789	0	
0.755556	0.888889	0.376413	0	
0.777778	0.888889	0.336353	0	
0.8	0.888889	0.297777	0	
0.822222	0.888889	0.260788	0	
0.844444	0.888889	0.225438	0	
0.866667	0.888889	0.191747	0	
0.888889	0.888889	0.159723	0	
0.911111	0.888889	0.12938	0	
0.933333	0.888889	0.100756	0	
0.955556	0.888889	0.0739332	0	
0.977778	0.888889	0.0490393	0	
1	0.888889	0.0262216	1	
0	0.911111	0.535165	1	
0.0222222	0.911111	0.535564	0	
0.0444444	0.911111	0.536643	0	
0.0666667	0.911111	0.538238	0	
0.0888889	0.911111	0.540222	0	
0.111111	0.911111	0.542519	0	
0.133333	0.911111	0.545083	0	
0.155556	0.911111	0.547883	0	
0.177778	0.911111	0.550895	0	
0.2	0.911111	0.554087	0	
0.222222	0.911111	0.557423	0	
0.244444	0.911111	0.560854	0	
0.266667	0.911111	0.564322	0	
0.288889	0.911111	0.567757	0	
0.311111	0.911111	0.571083	0	
0.333333	0.911111	0.574197	0	
0.355556	0.911111	0.574586	0	
0.377778	0.911111	0.574398	0	
0.4	0.911111	0.573707	0	
0.422222	0.911111	0.572502	0	
0.444444	0.911111	0.570786	0	
0.466667	0.911111	0.568565	0	
0.488889	0.911111	0.565862	0	
0.511111	0.911111	0.562708	0	
0.533333	0.911111	0.559151	0	
0.555556	0.911111	0.555254	0	
0.577778	0.911111	0.551091	0	
0.6	0.911111	0.546746	0	
0.622222	0.911111	0.542307	0	
0.644444	0.911111	0.537861	0	
0.666667	0.911111	0.533484	0	
0.688889	0.911111	0.525746	0	
0.711111	0.911111	0.483817	0	
0.733333	0.911111	0.442504	0	
0.755556	0.911111	0.402088	0	
0.777778	0.911111	0.362786	0	
0.8	0.911111	0.324757	0	
0.822222	0.911111	0.288115	0	
0.844444	0.911111	0.25293	0	
0.866667	0.911111	0.219242	0	
0.888889	0.911111	0.187075	0	
0.911111	0.911111	0.156459	0	
0.933333	0.911111	0.127457	0	
0.955556	0.911111	0.100196	0	
0.977778	0.911111	0.0749071	0	
1	0.911111	0.0519094	1	
0	0.933333	0.555943	1	
0.0222222	0.933333	0.55654	0	
0.0444444	0.933333	0.557962	0	
0.0666667	0.933333	0.559869	0	
0.0888889	0.933333	0.56208	0	
0.111111	0.933333	0.564514	0	
0.133333	0.933333	0.567136	0	
0.155556	0.933333	0.569925	0	
0.177778	0.933333	0.572862	0	
0.2	0.933333	0.575918	0	
0.222222	0.933333	0.579056	0	
0.244444	0.933333	0.582228	0	
0.266667	0.933333	0.585379	0	
0.288889	0.933333	0.588459	0	
0.311111	0.933333	0.591438	0	
0.333333	0.933333	0.594308	0	
0.355556	0.933333	0.594729	0	
0.377778	0.933333	0.59455	0	
0.4	0.933333	0.593859	0	
0.422222	0.933333	0.592668	0	
0.444444	0.933333	0.59099	0	
0.466667	0.933333	0.588842	0	
0.488889	0.933333	0.586247	0	
0.511111	0.933333	0.58324	0	
0.533333	0.933333	0.579864	0	
0.555556	0.933333	0.576176	0	
0.577778	0.933333	0.572241	0	
0.6	0.933333	0.568129	0	
0.622222	0.933333	0.563913	0	
0.644444	0.933333	0.559656	0	
0.666667	0.933333	0.555415	0	
0.688889	0.933333	0.547823	0	
0.711111	0.933333	0.506782	0	
0.733333	0.933333	0.466323	0	
0.755556	0.933333	0.426651	0	
0.777778	0.933333	0.387944	0	
0.8	0.933333	0.350351	0	
0.822222	0.933333	0.313986	0	
0.844444	0.933333	0.278926	0	
0.866667	0.933333	0.245215	0	
0.888889	0.933333	0.212876	0	
0.911111	0.933333	0.181927	0	
0.933333	0.933333	0.152416	0	
0.955556	0.933333	0.124485	0	
0.977778	0.933333	0.0984845	0	
1	0.933333	0.07508	1	
0	0.955556	0.575529	1	
0.0222222	0.955556	0.576693	0	
0.0444444	0.955556	0.578795	0	
0.0666667	0.955556	0.581198	0	
0.0888889	0.955556	0.583717	0	
0.111111	0.955556	0.586323	0	
0.133333	0.955556	0.589022	0	
0.155556	0.955556	0.59182	0	
0.177778	0.955556	0.59471	0	
0.2	0.955556	0.597668	0	
0.222222	0.955556	0.600656	0	
0.244444	0.955556	0.603623	0	
0.266667	0.955556	0.606508	0	
0.288889	0.955556	0.609262	0	
0.311111	0.955556	0.611903	0	
0.333333	0.955556	0.614641	0	
0.355556	0.955556	0.615354	0	
0.377778	0.955556	0.615213	0	
0.4	0.955556	0.614514	0	
0.422222	0.955556	0.61332	0	
0.444444	0.955556	0.611664	0	
0.466667	0.955556	0.609564	0	
0.488889	0.955556	0.607045	0	
0.511111	0.955556	0.60414	0	
0.533333	0.955556	0.600889	0	
0.555556	0.955556	0.597345	0	
0.577778	0.955556	0.593566	0	
0.6	0.955556	0.589617	0	
0.622222	0.955556	0.585558	0	
0.644444	0.955556	0.581436	0	
0.666667	0.955556	0.577268	0	
0.688889	0.955556	0.569616	0	
0.711111	0.955556	0.529165	0	
0.733333	0.955556	0.489356	0	
0.755556	0.955556	0.45025	0	
0.777778	0.955556	0.411989	0	
0.8	0.955556	0.374717	0	
0.822222	0.955556	0.338552	0	
0.844444	0.955556	0.303572	0	
0.866667	0.955556	0.269816	0	
0.888889	0.955556	0.237286	0	
0.911111	0.955556	0.205956	0	
0.933333	0.955556	0.175795	0	
0.955556	0.955556	0.146846	0	
0.977778	0.955556	0.119465	0	
1	0.955556	0.0949202	1	
0	0.977778	0.592787	1	
0.0222222	0.977778	0.595909	0	
0.0444444	0.977778	0.599329	0	
0.0666667	0.977778	0.602411	0	
0.0888889	0.977778	0.605268	0	
0.111111	0.977778	0.608038	0	
0.133333	0.977778	0.610811	0	
0.155556	0.977778	0.613625	0	
0.177778	0.977778	0.61649	0	
0.2	0.977778	0.619388	0	
0.222222	0.977778	0.622279	0	
0.244444	0.977778	0.625101	0	
0.266667	0.977778	0.627769	0	
0.288889	0.977778	0.630178	0	
0.311111	0.977778	0.632274	0	
0.333333	0.977778	0.634501	0	
0.355556	0.977778	0.636607	0	
0.377778	0.977778	0.636435	0	
0.4	0.977778	0.635661	0	
0.422222	0.977778	0.634436	0	
0.444444	0.977778	0.632781	0	
0.466667	0.977778	0.630706	0	
0.488889	0.977778	0.628231	0	
0.511111	0.977778	0.625385	0	
0.533333	0.977778	0.622207	0	
0.555556	0.977778	0.618748	0	
0.577778	0.977778	0.615063	0	
0.6	0.977778	0.611215	0	
0.622222	0.977778	0.607266	0	
0.644444	0.977778	0.603263	0	
0.666667	0.977778	0.599168	0	
0.688889	0.977778	0.590754	0	
0.711111	0.977778	0.550906	0	
0.733333	0.977778	0.511687	0	
0.755556	0.977778	0.473006	0	
0.777778	0.977778	0.435044	0	
0.8	0.977778	0.397976	0	
0.822222	0.977778	0.361933	0	
0.844444	0.977778	0.326996	0	
0.866667	0.977778	0.293193	0	
0.888889	0.977778	0.260498	0	
0.911111	0.977778	0.228817	0	
0.933333	0.977778	0.197962	0	
0.955556	0.977778	0.167639	0	
0.977778	0.977778	0.137611	0	
1	0.977778	0.109149	1	
0	1	0.603806	1	
0.0222222	1	0.614826	1	
0.0444444	1	0.620203	1	
0.0666667	1	0.623852	1	
0.0888889	1	0.626904	1	
0.111111	1	0.629754	1	
0.133333	1	0.632558	1	
0.155556	1	0.635381	1	
0.177778	1	0.638238	1	
0.2	1	0.641115	1	
0.222222	1	0.643971	1	
0.244444	1	0.646735	1	
0.266667	1	0.64929	1	
0.288889	1	0.651409	1	
0.311111	1	0.652513	1	
0.333333	1	0.650619	1	
0.355556	1	0.659424	1	
0.377778	1	0.658258	1	
0.4	1	0.65726	1	
0.422222	1	0.655982	1	
0.444444	1	0.654318	1	
0.466667	1	0.652249	1	
0.488889	1	0.649787	1	
0.511111	1	0.64696	1	
0.533333	1	0.643807	1	
0.555556	1	0.640376	1	
0.577778	1	0.636724	1	
0.6	1	0.632915	1	
0.622222	1	0.629027	1	
0.644444	1	0.625182	1	
0.666667	1	0.621697	1	
0.688889	1	0.609319	1	
0.711111	1	0.572022	1	
0.733333	1	0.533479	1	
0.755556	1	0.495043	1	
0.777778	1	0.457205	1	
0.8	1	0.420211	1	
0.822222	1	0.38421	1	
0.844444	1	0.349285	1	
0.866667	1	0.315461	1	
0.888889	1	0.282696	1	
0.911111	1	0.250851	1	
0.933333	1	0.219597	1	
0.955556	1	0.188136	1	
0.977778	1	0.154192	1	
1	1	0.109931	1	

