0	0	0	1	
0.0217391	0	0	1	
0.0434783	0	0	1	
0.0652174	0	0	1	
0.0869565	0	0	1	
0.108696	0	0	1	
0.130435	0	0	1	
0.152174	0	0	1	
0.173913	0	0	1	
0.195652	0	0	1	
0.217391	0	0	1	
0.23913	0	0	1	
0.26087	0	0	1	
0.282609	0	0	1	
0.304348	0	0	1	
0.326087	0	0	1	
0.347826	0	0	1	
0.369565	0	0	1	
0.391304	0	0	1	
0.413043	0	0	1	
0.434783	0	0	1	
0.456522	0	0	1	
0.478261	0	0	1	
0.5	0	0	1	
0.521739	0	0	1	
0.543478	0	0	1	
0.565217	0	0	1	
0.586957	0	0	1	
0.608696	0	0	1	
0.630435	0	0	1	
0.652174	0	0	1	
0.673913	0	0	1	
0.695652	0	0	1	
0.717391	0	0	1	
0.73913	0	0	1	
0.76087	0	0	1	
0.782609	0	0	1	
0.804348	0	0	1	
0.826087	0	0	1	
0.847826	0	0	1	
0.869565	0	0	1	
0.891304	0	0	1	
0.913043	0	0	1	
0.934783	0	0	1	
0.956522	0	0	1	
0.978261	0	0	1	
1	0	0	1	
0	0.0217391	0.0124623	1	
0.0217391	0.0217391	0.0124263	0	
0.0434783	0.0217391	0.0123175	0	
0.0652174	0.0217391	0.0121345	0	
0.0869565	0.0217391	0.0118745	0	
0.108696	0.0217391	0.0115343	0	
0.130435	0.0217391	0.0111097	0	
0.152174	0.0217391	0.0105966	0	
0.173913	0.0217391	0.00999097	0	
0.195652	0.0217391	0.00928942	0	
0.217391	0.0217391	0.00849007	0	
0.23913	0.0217391	0.00759302	0	
0.26087	0.0217391	0.00660102	0	
0.282609	0.0217391	0.00552001	0	
0.304348	0.0217391	0.00435926	0	
0.326087	0.0217391	0.00313133	0	
0.347826	0.0217391	0.00288451	0	
0.369565	0.0217391	0.00270781	0	
0.391304	0.0217391	0.0024864	0	
0.413043	0.0217391	0.00222526	0	
0.434783	0.0217391	0.00193048	0	
0.456522	0.0217391	0.00160896	0	
0.478261	0.0217391	0.00126813	0	
0.5	0.0217391	0.000915635	0	
0.521739	0.0217391	0.000559166	0	
0.543478	0.0217391	0.000206303	0	
0.565217	0.0217391	-0.000135673	0	
0.586957	0.0217391	-0.000459986	0	
0.608696	0.0217391	-0.000760627	0	
0.630435	0.0217391	-0.00103269	0	
0.652174	0.0217391	-0.00127273	0	
0.673913	0.0217391	-0.00165708	0	
0.695652	0.0217391	-0.00368713	0	
0.717391	0.0217391	-0.00569006	0	
0.73913	0.0217391	-0.00767576	0	
0.76087	0.0217391	-0.00965865	0	
0.782609	0.0217391	-0.0116587	0	
0.804348	0.0217391	-0.0137029	0	
0.826087	0.0217391	-0.0158273	0	
0.847826	0.0217391	-0.0180811	0	
0.869565	0.0217391	-0.0205334	0	
0.891304	0.0217391	-0.0232863	0	
0.913043	0.0217391	-0.0265027	0	
0.934783	0.0217391	-0.0304663	0	
0.956522	0.0217391	-0.0357322	0	
0.978261	0.0217391	-0.0435416	0	
1	0.0217391	-0.0571125	1	
0	0.0434783	0.0249968	1	
0.0217391	0.0434783	0.0249252	0	
0.0434783	0.0434783	0.0247094	0	
0.0652174	0.0434783	0.0243459	0	
0.0869565	0.0434783	0.0238294	0	
0.108696	0.0434783	0.0231529	0	
0.130435	0.0434783	0.022308	0	
0.152174	0.0434783	0.0212859	0	
0.173913	0.0434783	0.0200778	0	
0.195652	0.0434783	0.0186767	0	
0.217391	0.0434783	0.0170779	0	
0.23913	0.0434783	0.015281	0	
0.26087	0.0434783	0.0132911	0	
0.282609	0.0434783	0.0111198	0	
0.304348	0.0434783	0.00878569	0	
0.326087	0.0434783	0.00631452	0	
0.347826	0.0434783	0.0058172	0	
0.369565	0.0434783	0.00546031	0	
0.391304	0.0434783	0.00501255	0	
0.413043	0.0434783	0.00448416	0	
0.434783	0.0434783	0.00388768	0	
0.456522	0.0434783	0.00323725	0	
0.478261	0.0434783	0.00254793	0	
0.5	0.0434783	0.00183524	0	
0.521739	0.0434783	0.00111473	0	
0.543478	0.0434783	0.000401719	0	
0.565217	0.0434783	-0.000289011	0	
0.586957	0.0434783	-0.000943643	0	
0.608696	0.0434783	-0.00154983	0	
0.630435	0.0434783	-0.00209741	0	
0.652174	0.0434783	-0.00257915	0	
0.673913	0.0434783	-0.00334774	0	
0.695652	0.0434783	-0.00740137	0	
0.717391	0.0434783	-0.0113973	0	
0.73913	0.0434783	-0.0153543	0	
0.76087	0.0434783	-0.0193001	0	
0.782609	0.0434783	-0.0232733	0	
0.804348	0.0434783	-0.0273254	0	
0.826087	0.0434783	-0.0315252	0	
0.847826	0.0434783	-0.0359638	0	
0.869565	0.0434783	-0.040766	0	
0.891304	0.0434783	-0.0461091	0	
0.913043	0.0434783	-0.052258	0	
0.934783	0.0434783	-0.0596304	0	
0.956522	0.0434783	-0.0689209	0	
0.978261	0.0434783	-0.0813216	0	
1	0.0434783	-0.0988135	1	
0	0.0652174	0.0376744	1	
0.0217391	0.0652174	0.0375685	0	
0.0434783	0.0652174	0.0372489	0	
0.0652174	0.0652174	0.0367103	0	
0.0869565	0.0652174	0.0359443	0	
0.108696	0.0652174	0.0349399	0	
0.130435	0.0652174	0.0336836	0	
0.152174	0.0652174	0.032161	0	
0.173913	0.0652174	0.0303578	0	
0.195652	0.0652174	0.0282616	0	
0.217391	0.0652174	0.0258637	0	
0.23913	0.0652174	0.023162	0	
0.26087	0.0652174	0.0201626	0	
0.282609	0.0652174	0.0168822	0	
0.304348	0.0652174	0.0133493	0	
0.326087	0.0652174	0.00960335	0	
0.347826	0.0652174	0.00884795	0	
0.369565	0.0652174	0.00830368	0	
0.391304	0.0652174	0.00761934	0	
0.413043	0.0652174	0.00681115	0	
0.434783	0.0652174	0.00589884	0	
0.456522	0.0652174	0.00490441	0	
0.478261	0.0652174	0.00385111	0	
0.5	0.0652174	0.00276266	0	
0.521739	0.0652174	0.00166278	0	
0.543478	0.0652174	0.000574859	0	
0.565217	0.0652174	-0.000478453	0	
0.586957	0.0652174	-0.00147574	0	
0.608696	0.0652174	-0.00239764	0	
0.630435	0.0652174	-0.00322797	0	
0.652174	0.0652174	-0.00395499	0	
0.673913	0.0652174	-0.00510784	0	
0.695652	0.0652174	-0.0111733	0	
0.717391	0.0652174	-0.0171435	0	
0.73913	0.0652174	-0.0230441	0	
0.76087	0.0652174	-0.0289142	0	
0.782609	0.0652174	-0.0348087	0	
0.804348	0.0652174	-0.0408004	0	
0.826087	0.0652174	-0.0469842	0	
0.847826	0.0652174	-0.0534828	0	
0.869565	0.0652174	-0.0604577	0	
0.891304	0.0652174	-0.0681262	0	
0.913043	0.0652174	-0.0767897	0	
0.934783	0.0652174	-0.0868763	0	
0.956522	0.0652174	-0.0989994	0	
0.978261	0.0652174	-0.11401	0	
1	0.0652174	-0.132945	1	
0	0.0869565	0.0505641	1	
0.0217391	0.0869565	0.0504256	0	
0.0434783	0.0869565	0.0500073	0	
0.0652174	0.0869565	0.0493021	0	
0.0869565	0.0869565	0.0482979	0	
0.108696	0.0869565	0.0469788	0	
0.130435	0.0869565	0.0453256	0	
0.152174	0.0869565	0.0433168	0	
0.173913	0.0869565	0.0409309	0	
0.195652	0.0869565	0.0381481	0	
0.217391	0.0869565	0.0349535	0	
0.23913	0.0869565	0.0313407	0	
0.26087	0.0869565	0.0273151	0	
0.282609	0.0869565	0.0228974	0	
0.304348	0.0869565	0.0181258	0	
0.326087	0.0869565	0.0130557	0	
0.347826	0.0869565	0.0120302	0	
0.369565	0.0869565	0.0112871	0	
0.391304	0.0869565	0.01035	0	
0.413043	0.0869565	0.00924225	0	
0.434783	0.0869565	0.00799211	0	
0.456522	0.0869565	0.00663046	0	
0.478261	0.0869565	0.00518945	0	
0.5	0.0869565	0.00370151	0	
0.521739	0.0869565	0.00219889	0	
0.543478	0.0869565	0.000713383	0	
0.565217	0.0869565	-0.000723921	0	
0.586957	0.0869565	-0.00208322	0	
0.608696	0.0869565	-0.00333702	0	
0.630435	0.0869565	-0.00446184	0	
0.652174	0.0869565	-0.00544019	0	
0.673913	0.0869565	-0.00697802	0	
0.695652	0.0869565	-0.0150405	0	
0.717391	0.0869565	-0.0229593	0	
0.73913	0.0869565	-0.0307643	0	
0.76087	0.0869565	-0.038504	0	
0.782609	0.0869565	-0.0462469	0	
0.804348	0.0869565	-0.0540833	0	
0.826087	0.0869565	-0.0621283	0	
0.847826	0.0869565	-0.0705255	0	
0.869565	0.0869565	-0.0794556	0	
0.891304	0.0869565	-0.0891481	0	
0.913043	0.0869565	-0.0998981	0	
0.934783	0.0869565	-0.112086	0	
0.956522	0.0869565	-0.12619	0	
0.978261	0.0869565	-0.142775	0	
1	0.0869565	-0.162391	1	
0	0.108696	0.0637311	1	
0.0217391	0.108696	0.0635624	0	
0.0434783	0.108696	0.0630528	0	
0.0652174	0.108696	0.0621928	0	
0.0869565	0.108696	0.0609664	0	
0.108696	0.108696	0.0593519	0	
0.130435	0.108696	0.0573231	0	
0.152174	0.108696	0.0548499	0	
0.173913	0.108696	0.051901	0	
0.195652	0.108696	0.0484464	0	
0.217391	0.108696	0.0444616	0	
0.23913	0.108696	0.0399322	0	
0.26087	0.108696	0.0348596	0	
0.282609	0.108696	0.0292666	0	
0.304348	0.108696	0.0232008	0	
0.326087	0.108696	0.0167361	0	
0.347826	0.108696	0.0154232	0	
0.369565	0.108696	0.0144646	0	
0.391304	0.108696	0.0132512	0	
0.413043	0.108696	0.0118158	0	
0.434783	0.108696	0.0101969	0	
0.456522	0.108696	0.00843587	0	
0.478261	0.108696	0.00657471	0	
0.5	0.108696	0.00465506	0	
0.521739	0.108696	0.00271789	0	
0.543478	0.108696	0.000803708	0	
0.565217	0.108696	-0.00104741	0	
0.586957	0.108696	-0.00279618	0	
0.608696	0.108696	-0.00440538	0	
0.630435	0.108696	-0.00584219	0	
0.652174	0.108696	-0.0070813	0	
0.673913	0.108696	-0.00900646	0	
0.695652	0.108696	-0.0190514	0	
0.717391	0.108696	-0.0288887	0	
0.73913	0.108696	-0.0385499	0	
0.76087	0.108696	-0.0480905	0	
0.782609	0.108696	-0.0575914	0	
0.804348	0.108696	-0.0671577	0	
0.826087	0.108696	-0.07692	0	
0.847826	0.108696	-0.0870351	0	
0.869565	0.108696	-0.097691	0	
0.891304	0.108696	-0.109113	0	
0.913043	0.108696	-0.121569	0	
0.934783	0.108696	-0.135378	0	
0.956522	0.108696	-0.1509	0	
0.978261	0.108696	-0.168509	0	
1	0.108696	-0.188517	1	
0	0.130435	0.0772357	1	
0.0217391	0.130435	0.0770401	0	
0.0434783	0.130435	0.076449	0	
0.0652174	0.130435	0.07545	0	
0.0869565	0.130435	0.0740229	0	
0.108696	0.130435	0.0721395	0	
0.130435	0.130435	0.069765	0	
0.152174	0.130435	0.0668588	0	
0.173913	0.130435	0.0633768	0	
0.195652	0.130435	0.0592751	0	
0.217391	0.130435	0.0545143	0	
0.23913	0.130435	0.0490669	0	
0.26087	0.130435	0.0429247	0	
0.282609	0.130435	0.0361085	0	
0.304348	0.130435	0.0286746	0	
0.326087	0.130435	0.020719	0	
0.347826	0.130435	0.0190945	0	
0.369565	0.130435	0.0178968	0	
0.391304	0.130435	0.0163745	0	
0.413043	0.130435	0.0145728	0	
0.434783	0.130435	0.0125438	0	
0.456522	0.130435	0.0103414	0	
0.478261	0.130435	0.00801848	0	
0.5	0.130435	0.00562611	0	
0.521739	0.130435	0.00321391	0	
0.543478	0.130435	0.000830959	0	
0.565217	0.130435	-0.00147325	0	
0.586957	0.130435	-0.00364871	0	
0.608696	0.130435	-0.00564613	0	
0.630435	0.130435	-0.00742022	0	
0.652174	0.130435	-0.00893451	0	
0.673913	0.130435	-0.0112523	0	
0.695652	0.130435	-0.0232697	0	
0.717391	0.130435	-0.0349943	0	
0.73913	0.130435	-0.0464559	0	
0.76087	0.130435	-0.0577168	0	
0.782609	0.130435	-0.0688702	0	
0.804348	0.130435	-0.0800362	0	
0.826087	0.130435	-0.0913588	0	
0.847826	0.130435	-0.103004	0	
0.869565	0.130435	-0.115161	0	
0.891304	0.130435	-0.128042	0	
0.913043	0.130435	-0.141887	0	
0.934783	0.130435	-0.156957	0	
0.956522	0.130435	-0.173523	0	
0.978261	0.130435	-0.191842	0	
1	0.130435	-0.212107	1	
0	0.152174	0.0911319	1	
0.0217391	0.152174	0.0909134	0	
0.0434783	0.152174	0.090253	0	
0.0652174	0.152174	0.0891355	0	
0.0869565	0.152174	0.0875357	0	
0.108696	0.152174	0.0854184	0	
0.130435	0.152174	0.0827388	0	
0.152174	0.152174	0.0794435	0	
0.173913	0.152174	0.0754725	0	
0.195652	0.152174	0.0707628	0	
0.217391	0.152174	0.0652538	0	
0.23913	0.152174	0.0588963	0	
0.26087	0.152174	0.051664	0	
0.282609	0.152174	0.043568	0	
0.304348	0.152174	0.0346704	0	
0.326087	0.152174	0.0250934	0	
0.347826	0.152174	0.0231237	0	
0.369565	0.152174	0.0216538	0	
0.391304	0.152174	0.019777	0	
0.413043	0.152174	0.0175571	0	
0.434783	0.152174	0.0150642	0	
0.456522	0.152174	0.0123675	0	
0.478261	0.152174	0.00953166	0	
0.5	0.152174	0.00661701	0	
0.521739	0.152174	0.00368069	0	
0.543478	0.152174	0.000779476	0	
0.565217	0.152174	-0.00202786	0	
0.586957	0.152174	-0.00467924	0	
0.608696	0.152174	-0.00711022	0	
0.630435	0.152174	-0.00925807	0	
0.652174	0.152174	-0.0110695	0	
0.673913	0.152174	-0.0137903	0	
0.695652	0.152174	-0.0277809	0	
0.717391	0.152174	-0.0413629	0	
0.73913	0.152174	-0.0545624	0	
0.76087	0.152174	-0.0674505	0	
0.782609	0.152174	-0.0801365	0	
0.804348	0.152174	-0.0927582	0	
0.826087	0.152174	-0.105475	0	
0.847826	0.152174	-0.118461	0	
0.869565	0.152174	-0.131905	0	
0.891304	0.152174	-0.146008	0	
0.913043	0.152174	-0.160981	0	
0.934783	0.152174	-0.177039	0	
0.956522	0.152174	-0.194393	0	
0.978261	0.152174	-0.213228	0	
1	0.152174	-0.233674	1	
0	0.173913	0.105465	1	
0.0217391	0.173913	0.105229	0	
0.0434783	0.173913	0.104514	0	
0.0652174	0.173913	0.103303	0	
0.0869565	0.173913	0.101566	0	
0.108696	0.173913	0.0992597	0	
0.130435	0.173913	0.0963283	0	
0.152174	0.173913	0.092704	0	
0.173913	0.173913	0.0883071	0	
0.195652	0.173913	0.0830499	0	
0.217391	0.173913	0.0768419	0	
0.23913	0.173913	0.0696006	0	
0.26087	0.173913	0.0612671	0	
0.282609	0.173913	0.051829	0	
0.304348	0.173913	0.0413458	0	
0.326087	0.173913	0.0299703	0	
0.347826	0.173913	0.0276076	0	
0.369565	0.173913	0.0258177	0	
0.391304	0.173913	0.0235226	0	
0.413043	0.173913	0.0208145	0	
0.434783	0.173913	0.0177885	0	
0.456522	0.173913	0.0145325	0	
0.478261	0.173913	0.0111237	0	
0.5	0.173913	0.00762957	0	
0.521739	0.173913	0.00411236	0	
0.543478	0.173913	0.000634105	0	
0.565217	0.173913	-0.00273841	0	
0.586957	0.173913	-0.00593019	0	
0.608696	0.173913	-0.00885741	0	
0.630435	0.173913	-0.0114324	0	
0.652174	0.173913	-0.013575	0	
0.673913	0.173913	-0.0167178	0	
0.695652	0.173913	-0.0327007	0	
0.717391	0.173913	-0.048114	0	
0.73913	0.173913	-0.0629802	0	
0.76087	0.173913	-0.0773864	0	
0.782609	0.173913	-0.0914669	0	
0.804348	0.173913	-0.105385	0	
0.826087	0.173913	-0.119321	0	
0.847826	0.173913	-0.13346	0	
0.869565	0.173913	-0.147991	0	
0.891304	0.173913	-0.163104	0	
0.913043	0.173913	-0.178988	0	
0.934783	0.173913	-0.195824	0	
0.956522	0.173913	-0.213782	0	
0.978261	0.173913	-0.233002	0	
1	0.173913	-0.253581	1	
0	0.195652	0.120271	1	
0.0217391	0.195652	0.120023	0	
0.0434783	0.195652	0.119272	0	
0.0652174	0.195652	0.117998	0	
0.0869565	0.195652	0.116166	0	
0.108696	0.195652	0.113726	0	
0.130435	0.195652	0.110611	0	
0.152174	0.195652	0.106737	0	
0.173913	0.195652	0.102002	0	
0.195652	0.195652	0.0962877	0	
0.217391	0.195652	0.0894634	0	
0.23913	0.195652	0.0813971	0	
0.26087	0.195652	0.071975	0	
0.282609	0.195652	0.061135	0	
0.304348	0.195652	0.0489137	0	
0.326087	0.195652	0.0354947	0	
0.347826	0.195652	0.0326686	0	
0.369565	0.195652	0.0304868	0	
0.391304	0.195652	0.0276813	0	
0.413043	0.195652	0.0243897	0	
0.434783	0.195652	0.0207427	0	
0.456522	0.195652	0.0168506	0	
0.478261	0.195652	0.0128011	0	
0.5	0.195652	0.00866521	0	
0.521739	0.195652	0.00450508	0	
0.543478	0.195652	0.000383013	0	
0.565217	0.195652	-0.00362975	0	
0.586957	0.195652	-0.00744565	0	
0.608696	0.195652	-0.0109569	0	
0.630435	0.195652	-0.014039	0	
0.652174	0.195652	-0.0165676	0	
0.673913	0.195652	-0.0201663	0	
0.695652	0.195652	-0.03819	0	
0.717391	0.195652	-0.0554121	0	
0.73913	0.195652	-0.0718579	0	
0.76087	0.195652	-0.0876477	0	
0.782609	0.195652	-0.102959	0	
0.804348	0.195652	-0.117995	0	
0.826087	0.195652	-0.132964	0	
0.847826	0.195652	-0.148066	0	
0.869565	0.195652	-0.163495	0	
0.891304	0.195652	-0.17943	0	
0.913043	0.195652	-0.196043	0	
0.934783	0.195652	-0.213489	0	
0.956522	0.195652	-0.231908	0	
0.978261	0.195652	-0.251416	0	
1	0.195652	-0.272094	1	
0	0.217391	0.135573	1	
0.0217391	0.217391	0.13532	0	
0.0434783	0.217391	0.134553	0	
0.0652174	0.217391	0.13325	0	
0.0869565	0.217391	0.131374	0	
0.108696	0.217391	0.128867	0	
0.130435	0.217391	0.125653	0	
0.152174	0.217391	0.121631	0	
0.173913	0.217391	0.116677	0	
0.195652	0.217391	0.110636	0	
0.217391	0.217391	0.103327	0	
0.23913	0.217391	0.0945496	0	
0.26087	0.217391	0.0841008	0	
0.282609	0.217391	0.0718224	0	
0.304348	0.217391	0.0576794	0	
0.326087	0.217391	0.0418688	0	
0.347826	0.217391	0.0384678	0	
0.369565	0.217391	0.0357797	0	
0.391304	0.217391	0.0323261	0	
0.413043	0.217391	0.0283201	0	
0.434783	0.217391	0.0239421	0	
0.456522	0.217391	0.0193259	0	
0.478261	0.217391	0.0145649	0	
0.5	0.217391	0.00972512	0	
0.521739	0.217391	0.00485973	0	
0.543478	0.217391	2.26049e-05	0	
0.565217	0.217391	-0.00471793	0	
0.586957	0.217391	-0.00926578	0	
0.608696	0.217391	-0.0134854	0	
0.630435	0.217391	-0.0171993	0	
0.652174	0.217391	-0.0202063	0	
0.673913	0.217391	-0.0243227	0	
0.695652	0.217391	-0.044481	0	
0.717391	0.217391	-0.0634864	0	
0.73913	0.217391	-0.0813914	0	
0.76087	0.217391	-0.0983873	0	
0.782609	0.217391	-0.114727	0	
0.804348	0.217391	-0.130673	0	
0.826087	0.217391	-0.146472	0	
0.847826	0.217391	-0.162346	0	
0.869565	0.217391	-0.178491	0	
0.891304	0.217391	-0.195079	0	
0.913043	0.217391	-0.212264	0	
0.934783	0.217391	-0.230179	0	
0.956522	0.217391	-0.248945	0	
0.978261	0.217391	-0.268661	0	
1	0.217391	-0.289406	1	
0	0.23913	0.151383	1	
0.0217391	0.23913	0.151131	0	
0.0434783	0.23913	0.150369	0	
0.0652174	0.23913	0.149076	0	
0.0869565	0.23913	0.147212	0	
0.108696	0.23913	0.144716	0	
0.130435	0.23913	0.141503	0	
0.152174	0.23913	0.137459	0	
0.173913	0.23913	0.132438	0	
0.195652	0.23913	0.126251	0	
0.217391	0.23913	0.11866	0	
0.23913	0.23913	0.109373	0	
0.26087	0.23913	0.0980563	0	
0.282609	0.23913	0.0843745	0	
0.304348	0.23913	0.0681127	0	
0.326087	0.23913	0.049401	0	
0.347826	0.23913	0.0452286	0	
0.369565	0.23913	0.0418381	0	
0.391304	0.23913	0.0375234	0	
0.413043	0.23913	0.0326227	0	
0.434783	0.23913	0.0273797	0	
0.456522	0.23913	0.021946	0	
0.478261	0.23913	0.0164073	0	
0.5	0.23913	0.0108107	0	
0.521739	0.23913	0.00518612	0	
0.543478	0.23913	-0.000434373	0	
0.565217	0.23913	-0.00599885	0	
0.586957	0.23913	-0.0114141	0	
0.608696	0.23913	-0.0165199	0	
0.630435	0.23913	-0.0210663	0	
0.652174	0.23913	-0.0247191	0	
0.673913	0.23913	-0.0294718	0	
0.695652	0.23913	-0.0519247	0	
0.717391	0.23913	-0.0726611	0	
0.73913	0.23913	-0.0918339	0	
0.76087	0.23913	-0.109783	0	
0.782609	0.23913	-0.126888	0	
0.804348	0.23913	-0.143497	0	
0.826087	0.23913	-0.159905	0	
0.847826	0.23913	-0.176354	0	
0.869565	0.23913	-0.193043	0	
0.891304	0.23913	-0.210132	0	
0.913043	0.23913	-0.227754	0	
0.934783	0.23913	-0.24602	0	
0.956522	0.23913	-0.26503	0	
0.978261	0.23913	-0.284877	0	
1	0.23913	-0.305656	1	
0	0.26087	0.167697	1	
0.0217391	0.26087	0.167451	0	
0.0434783	0.26087	0.166716	0	
0.0652174	0.26087	0.165474	0	
0.0869565	0.26087	0.163684	0	
0.108696	0.26087	0.161283	0	
0.130435	0.26087	0.158183	0	
0.152174	0.26087	0.154264	0	
0.173913	0.26087	0.149365	0	
0.195652	0.26087	0.143271	0	
0.217391	0.26087	0.135688	0	
0.23913	0.26087	0.126228	0	
0.26087	0.26087	0.114377	0	
0.282609	0.26087	0.0995066	0	
0.304348	0.26087	0.0809961	0	
0.326087	0.26087	0.0586278	0	
0.347826	0.26087	0.0532785	0	
0.369565	0.26087	0.0488209	0	
0.391304	0.26087	0.0433064	0	
0.413043	0.26087	0.0372676	0	
0.434783	0.26087	0.0310081	0	
0.456522	0.26087	0.0246711	0	
0.478261	0.26087	0.0183079	0	
0.5	0.26087	0.0119241	0	
0.521739	0.26087	0.00550845	0	
0.543478	0.26087	-0.000947371	0	
0.565217	0.26087	-0.00742906	0	
0.586957	0.26087	-0.0138717	0	
0.608696	0.26087	-0.0201136	0	
0.630435	0.26087	-0.0258272	0	
0.652174	0.26087	-0.0304539	0	
0.673913	0.26087	-0.0360957	0	
0.695652	0.26087	-0.0610849	0	
0.717391	0.26087	-0.0833994	0	
0.73913	0.26087	-0.1035	0	
0.76087	0.26087	-0.122023	0	
0.782609	0.26087	-0.139545	0	
0.804348	0.26087	-0.156522	0	
0.826087	0.26087	-0.173296	0	
0.847826	0.26087	-0.190124	0	
0.869565	0.26087	-0.207195	0	
0.891304	0.26087	-0.224651	0	
0.913043	0.26087	-0.242599	0	
0.934783	0.26087	-0.261118	0	
0.956522	0.26087	-0.280277	0	
0.978261	0.26087	-0.300159	0	
1	0.26087	-0.320909	1	
0	0.282609	0.184502	1	
0.0217391	0.282609	0.184262	0	
0.0434783	0.282609	0.183572	0	
0.0652174	0.282609	0.18242	0	
0.0869565	0.282609	0.180766	0	
0.108696	0.282609	0.178548	0	
0.130435	0.282609	0.175682	0	
0.152174	0.282609	0.172049	0	
0.173913	0.282609	0.167489	0	
0.195652	0.282609	0.161778	0	
0.217391	0.282609	0.154595	0	
0.23913	0.282609	0.145474	0	
0.26087	0.282609	0.133715	0	
0.282609	0.282609	0.118279	0	
0.304348	0.282609	0.0977374	0	
0.326087	0.282609	0.0706757	0	
0.347826	0.282609	0.0631114	0	
0.369565	0.282609	0.0568604	0	
0.391304	0.282609	0.0496139	0	
0.413043	0.282609	0.0421333	0	
0.434783	0.282609	0.0347139	0	
0.456522	0.282609	0.0274224	0	
0.478261	0.282609	0.020229	0	
0.5	0.282609	0.0130694	0	
0.521739	0.282609	0.00587097	0	
0.543478	0.282609	-0.00143449	0	
0.565217	0.282609	-0.00889836	0	
0.586957	0.282609	-0.0165301	0	
0.608696	0.282609	-0.0242356	0	
0.630435	0.282609	-0.0316748	0	
0.652174	0.282609	-0.0379813	0	
0.673913	0.282609	-0.0451358	0	
0.695652	0.282609	-0.0729199	0	
0.717391	0.282609	-0.0963516	0	
0.73913	0.282609	-0.116743	0	
0.76087	0.282609	-0.135264	0	
0.782609	0.282609	-0.152747	0	
0.804348	0.282609	-0.169749	0	
0.826087	0.282609	-0.186635	0	
0.847826	0.282609	-0.20365	0	
0.869565	0.282609	-0.220961	0	
0.891304	0.282609	-0.238678	0	
0.913043	0.282609	-0.256872	0	
0.934783	0.282609	-0.275577	0	
0.956522	0.282609	-0.294802	0	
0.978261	0.282609	-0.314574	0	
1	0.282609	-0.335108	1	
0	0.304348	0.201788	1	
0.0217391	0.304348	0.201522	0	
0.0434783	0.304348	0.200889	0	
0.0652174	0.304348	0.199868	0	
0.0869565	0.304348	0.198412	0	
0.108696	0.304348	0.196464	0	
0.130435	0.304348	0.193947	0	
0.152174	0.304348	0.190761	0	
0.173913	0.304348	0.186764	0	
0.195652	0.304348	0.181756	0	
0.217391	0.304348	0.175442	0	
0.23913	0.304348	0.167359	0	
0.26087	0.304348	0.156731	0	
0.282609	0.304348	0.142158	0	
0.304348	0.304348	0.120999	0	
0.326087	0.304348	0.0885401	0	
0.347826	0.304348	0.075404	0	
0.369565	0.304348	0.0658955	0	
0.391304	0.304348	0.0561556	0	
0.413043	0.304348	0.0469375	0	
0.434783	0.304348	0.038292	0	
0.456522	0.304348	0.0300756	0	
0.478261	0.304348	0.0221163	0	
0.5	0.304348	0.0142535	0	
0.521739	0.304348	0.00634052	0	
0.543478	0.304348	-0.0017632	0	
0.565217	0.304348	-0.0101999	0	
0.586957	0.304348	-0.0191146	0	
0.608696	0.304348	-0.0286239	0	
0.630435	0.304348	-0.0386552	0	
0.652174	0.304348	-0.0482989	0	
0.673913	0.304348	-0.058802	0	
0.695652	0.304348	-0.0891072	0	
0.717391	0.304348	-0.112344	0	
0.73913	0.304348	-0.131855	0	
0.76087	0.304348	-0.149542	0	
0.782609	0.304348	-0.166432	0	
0.804348	0.304348	-0.183091	0	
0.826087	0.304348	-0.199843	0	
0.847826	0.304348	-0.216881	0	
0.869565	0.304348	-0.23432	0	
0.891304	0.304348	-0.252229	0	
0.913043	0.304348	-0.270633	0	
0.934783	0.304348	-0.289514	0	
0.956522	0.304348	-0.308779	0	
0.978261	0.304348	-0.328225	0	
1	0.304348	-0.347822	1	
0	0.326087	0.219606	1	
0.0217391	0.326087	0.219149	0	
0.0434783	0.326087	0.218595	0	
0.0652174	0.326087	0.217751	0	
0.0869565	0.326087	0.216551	0	
0.108696	0.326087	0.214947	0	
0.130435	0.326087	0.212883	0	
0.152174	0.326087	0.210284	0	
0.173913	0.326087	0.20705	0	
0.195652	0.326087	0.203041	0	
0.217391	0.326087	0.198057	0	
0.23913	0.326087	0.191789	0	
0.26087	0.326087	0.183692	0	
0.282609	0.326087	0.172624	0	
0.304348	0.326087	0.15556	0	
0.326087	0.326087	0.122321	0	
0.347826	0.326087	0.0903833	0	
0.369565	0.326087	0.0751619	0	
0.391304	0.326087	0.0621752	0	
0.413043	0.326087	0.0511694	0	
0.434783	0.326087	0.041441	0	
0.456522	0.326087	0.0324717	0	
0.478261	0.326087	0.0239071	0	
0.5	0.326087	0.015488	0	
0.521739	0.326087	0.00700077	0	
0.543478	0.326087	-0.00175898	0	
0.565217	0.326087	-0.0110233	0	
0.586957	0.326087	-0.0211045	0	
0.608696	0.326087	-0.0324903	0	
0.630435	0.326087	-0.046023	0	
0.652174	0.326087	-0.063166	0	
0.673913	0.326087	-0.0834527	0	
0.695652	0.326087	-0.112363	0	
0.717391	0.326087	-0.132063	0	
0.73913	0.326087	-0.148792	0	
0.76087	0.326087	-0.164618	0	
0.782609	0.326087	-0.180347	0	
0.804348	0.326087	-0.196339	0	
0.826087	0.326087	-0.212765	0	
0.847826	0.326087	-0.229709	0	
0.869565	0.326087	-0.247211	0	
0.891304	0.326087	-0.265283	0	
0.913043	0.326087	-0.283916	0	
0.934783	0.326087	-0.303068	0	
0.956522	0.326087	-0.322574	0	
0.978261	0.326087	-0.341725	0	
1	0.326087	-0.357176	1	
0	0.347826	0.222478	1	
0.0217391	0.347826	0.222398	0	
0.0434783	0.347826	0.221947	0	
0.0652174	0.347826	0.221164	0	
0.0869565	0.347826	0.220032	0	
0.108696	0.347826	0.218517	0	
0.130435	0.347826	0.216569	0	
0.152174	0.347826	0.214123	0	
0.173913	0.347826	0.21109	0	
0.195652	0.347826	0.207353	0	
0.217391	0.347826	0.202753	0	
0.23913	0.347826	0.197062	0	
0.26087	0.347826	0.189944	0	
0.282609	0.347826	0.180889	0	
0.304348	0.347826	0.169196	0	
0.326087	0.347826	0.154596	0	
0.347826	0.347826	0.122622	0	
0.369565	0.347826	0.0885563	0	
0.391304	0.347826	0.0700587	0	
0.413043	0.347826	0.0568894	0	
0.434783	0.347826	0.0459935	0	
0.456522	0.347826	0.0362028	0	
0.478261	0.347826	0.0269381	0	
0.5	0.347826	0.0178376	0	
0.521739	0.347826	0.00862246	0	
0.543478	0.347826	-0.000971522	0	
0.565217	0.347826	-0.011258	0	
0.586957	0.347826	-0.0227064	0	
0.608696	0.347826	-0.0362021	0	
0.630435	0.347826	-0.0538397	0	
0.652174	0.347826	-0.0817484	0	
0.673913	0.347826	-0.102218	0	
0.695652	0.347826	-0.120777	0	
0.717391	0.347826	-0.136998	0	
0.73913	0.347826	-0.152282	0	
0.76087	0.347826	-0.167403	0	
0.782609	0.347826	-0.182758	0	
0.804348	0.347826	-0.19855	0	
0.826087	0.347826	-0.214878	0	
0.847826	0.347826	-0.231789	0	
0.869565	0.347826	-0.249296	0	
0.891304	0.347826	-0.267401	0	
0.913043	0.347826	-0.286095	0	
0.934783	0.347826	-0.305371	0	
0.956522	0.347826	-0.325243	0	
0.978261	0.347826	-0.345862	0	
1	0.347826	-0.36819	1	
0	0.369565	0.224626	1	
0.0217391	0.369565	0.224499	0	
0.0434783	0.369565	0.224073	0	
0.0652174	0.369565	0.223337	0	
0.0869565	0.369565	0.222272	0	
0.108696	0.369565	0.220848	0	
0.130435	0.369565	0.219021	0	
0.152174	0.369565	0.216733	0	
0.173913	0.369565	0.21391	0	
0.195652	0.369565	0.21046	0	
0.217391	0.369565	0.206263	0	
0.23913	0.369565	0.201175	0	
0.26087	0.369565	0.195028	0	
0.282609	0.369565	0.187678	0	
0.304348	0.369565	0.179166	0	
0.326087	0.369565	0.170232	0	
0.347826	0.369565	0.157112	0	
0.369565	0.369565	0.123305	0	
0.391304	0.369565	0.100097	0	
0.413043	0.369565	0.0826659	0	
0.434783	0.369565	0.0682693	0	
0.456522	0.369565	0.0554086	0	
0.478261	0.369565	0.0431987	0	
0.5	0.369565	0.0310467	0	
0.521739	0.369565	0.018489	0	
0.543478	0.369565	0.00509072	0	
0.565217	0.369565	-0.00964405	0	
0.586957	0.369565	-0.0263978	0	
0.608696	0.369565	-0.0462626	0	
0.630435	0.369565	-0.071153	0	
0.652174	0.369565	-0.104372	0	
0.673913	0.369565	-0.115971	0	
0.695652	0.369565	-0.127392	0	
0.717391	0.369565	-0.140509	0	
0.73913	0.369565	-0.154341	0	
0.76087	0.369565	-0.168735	0	
0.782609	0.369565	-0.183712	0	
0.804348	0.369565	-0.19931	0	
0.826087	0.369565	-0.215547	0	
0.847826	0.369565	-0.232425	0	
0.869565	0.369565	-0.249935	0	
0.891304	0.369565	-0.268064	0	
0.913043	0.369565	-0.286799	0	
0.934783	0.369565	-0.306132	0	
0.956522	0.369565	-0.326076	0	
0.978261	0.369565	-0.346684	0	
1	0.369565	-0.368	1	
0	0.391304	0.227027	1	
0.0217391	0.391304	0.2269	0	
0.0434783	0.391304	0.226509	0	
0.0652174	0.391304	0.225839	0	
0.0869565	0.391304	0.224873	0	
0.108696	0.391304	0.223582	0	
0.130435	0.391304	0.221933	0	
0.152174	0.391304	0.219877	0	
0.173913	0.391304	0.217359	0	
0.195652	0.391304	0.214312	0	
0.217391	0.391304	0.210665	0	
0.23913	0.391304	0.206346	0	
0.26087	0.391304	0.201317	0	
0.282609	0.391304	0.195628	0	
0.304348	0.391304	0.189557	0	
0.326087	0.391304	0.183847	0	
0.347826	0.391304	0.176262	0	
0.369565	0.391304	0.147453	0	
0.391304	0.391304	0.12436	0	
0.413043	0.391304	0.105408	0	
0.434783	0.391304	0.0890093	0	
0.456522	0.391304	0.0739638	0	
0.478261	0.391304	0.0594013	0	
0.5	0.391304	0.0446617	0	
0.521739	0.391304	0.0291961	0	
0.543478	0.391304	0.0124895	0	
0.565217	0.391304	-0.0060112	0	
0.586957	0.391304	-0.026978	0	
0.608696	0.391304	-0.0512973	0	
0.630435	0.391304	-0.0801376	0	
0.652174	0.391304	-0.114765	0	
0.673913	0.391304	-0.123793	0	
0.695652	0.391304	-0.132311	0	
0.717391	0.391304	-0.143305	0	
0.73913	0.391304	-0.155838	0	
0.76087	0.391304	-0.169483	0	
0.782609	0.391304	-0.184047	0	
0.804348	0.391304	-0.199431	0	
0.826087	0.391304	-0.215574	0	
0.847826	0.391304	-0.232428	0	
0.869565	0.391304	-0.249955	0	
0.891304	0.391304	-0.268122	0	
0.913043	0.391304	-0.286904	0	
0.934783	0.391304	-0.306281	0	
0.956522	0.391304	-0.326247	0	
0.978261	0.391304	-0.346797	0	
1	0.391304	-0.36789	1	
0	0.413043	0.22968	1	
0.0217391	0.413043	0.229567	0	
0.0434783	0.413043	0.229223	0	
0.0652174	0.413043	0.228638	0	
0.0869565	0.413043	0.227796	0	
0.108696	0.413043	0.226677	0	
0.130435	0.413043	0.22525	0	
0.152174	0.413043	0.223483	0	
0.173913	0.413043	0.221336	0	
0.195652	0.413043	0.218766	0	
0.217391	0.413043	0.215737	0	
0.23913	0.413043	0.212229	0	
0.26087	0.413043	0.208265	0	
0.282609	0.413043	0.203961	0	
0.304348	0.413043	0.199588	0	
0.326087	0.413043	0.195651	0	
0.347826	0.413043	0.19025	0	
0.369565	0.413043	0.165886	0	
0.391304	0.413043	0.144481	0	
0.413043	0.413043	0.125597	0	
0.434783	0.413043	0.108396	0	
0.456522	0.413043	0.0920361	0	
0.478261	0.413043	0.0757811	0	
0.5	0.413043	0.0590027	0	
0.521739	0.413043	0.0411445	0	
0.543478	0.413043	0.0216824	0	
0.565217	0.413043	8.76904e-05	0	
0.586957	0.413043	-0.0242056	0	
0.608696	0.413043	-0.0518108	0	
0.630435	0.413043	-0.0833345	0	
0.652174	0.413043	-0.119149	0	
0.673913	0.413043	-0.127436	0	
0.695652	0.413043	-0.134754	0	
0.717391	0.413043	-0.144562	0	
0.73913	0.413043	-0.156223	0	
0.76087	0.413043	-0.169312	0	
0.782609	0.413043	-0.18356	0	
0.804348	0.413043	-0.198793	0	
0.826087	0.413043	-0.214889	0	
0.847826	0.413043	-0.231759	0	
0.869565	0.413043	-0.249336	0	
0.891304	0.413043	-0.267567	0	
0.913043	0.413043	-0.286412	0	
0.934783	0.413043	-0.305842	0	
0.956522	0.413043	-0.325834	0	
0.978261	0.413043	-0.346368	0	
1	0.413043	-0.367412	1	
0	0.434783	0.232559	1	
0.0217391	0.434783	0.232464	0	
0.0434783	0.434783	0.232179	0	
0.0652174	0.434783	0.231694	0	
0.0869565	0.434783	0.230999	0	
0.108696	0.434783	0.230077	0	
0.130435	0.434783	0.228909	0	
0.152174	0.434783	0.22747	0	
0.173913	0.434783	0.225735	0	
0.195652	0.434783	0.22368	0	
0.217391	0.434783	0.221289	0	
0.23913	0.434783	0.218567	0	
0.26087	0.434783	0.215555	0	
0.282609	0.434783	0.212361	0	
0.304348	0.434783	0.209184	0	
0.326087	0.434783	0.206319	0	
0.347826	0.434783	0.202099	0	
0.369565	0.434783	0.181362	0	
0.391304	0.434783	0.16208	0	
0.413043	0.434783	0.144103	0	
0.434783	0.434783	0.126943	0	
0.456522	0.434783	0.110003	0	
0.478261	0.434783	0.0926844	0	
0.5	0.434783	0.0744236	0	
0.521739	0.434783	0.0546965	0	
0.543478	0.434783	0.0330081	0	
0.565217	0.434783	0.00888504	0	
0.586957	0.434783	-0.018121	0	
0.608696	0.434783	-0.0484059	0	
0.630435	0.434783	-0.0822406	0	
0.652174	0.434783	-0.119627	0	
0.673913	0.434783	-0.12783	0	
0.695652	0.434783	-0.134706	0	
0.717391	0.434783	-0.143967	0	
0.73913	0.434783	-0.155181	0	
0.76087	0.434783	-0.167982	0	
0.782609	0.434783	-0.18209	0	
0.804348	0.434783	-0.197292	0	
0.826087	0.434783	-0.21343	0	
0.847826	0.434783	-0.230384	0	
0.869565	0.434783	-0.248063	0	
0.891304	0.434783	-0.266397	0	
0.913043	0.434783	-0.285336	0	
0.934783	0.434783	-0.30484	0	
0.956522	0.434783	-0.324878	0	
0.978261	0.434783	-0.345429	0	
1	0.434783	-0.366468	1	
0	0.456522	0.235626	1	
0.0217391	0.456522	0.235553	0	
0.0434783	0.456522	0.235333	0	
0.0652174	0.456522	0.23496	0	
0.0869565	0.456522	0.234428	0	
0.108696	0.456522	0.233725	0	
0.130435	0.456522	0.232838	0	
0.152174	0.456522	0.231753	0	
0.173913	0.456522	0.230454	0	
0.195652	0.456522	0.228929	0	
0.217391	0.456522	0.227172	0	
0.23913	0.456522	0.225193	0	
0.26087	0.456522	0.223027	0	
0.282609	0.456522	0.220745	0	
0.304348	0.456522	0.218467	0	
0.326087	0.456522	0.216347	0	
0.347826	0.456522	0.212958	0	
0.369565	0.456522	0.195382	0	
0.391304	0.456522	0.178376	0	
0.413043	0.456522	0.161791	0	
0.434783	0.456522	0.14527	0	
0.456522	0.456522	0.12835	0	
0.478261	0.456522	0.11053	0	
0.5	0.456522	0.0913111	0	
0.521739	0.456522	0.07021	0	
0.543478	0.456522	0.0467683	0	
0.565217	0.456522	0.0205653	0	
0.586957	0.456522	-0.00875737	0	
0.608696	0.456522	-0.0414511	0	
0.630435	0.456522	-0.0775949	0	
0.652174	0.456522	-0.117012	0	
0.673913	0.456522	-0.125445	0	
0.695652	0.456522	-0.132273	0	
0.717391	0.456522	-0.141418	0	
0.73913	0.456522	-0.15255	0	
0.76087	0.456522	-0.165347	0	
0.782609	0.456522	-0.179525	0	
0.804348	0.456522	-0.194855	0	
0.826087	0.456522	-0.211155	0	
0.847826	0.456522	-0.228283	0	
0.869565	0.456522	-0.246133	0	
0.891304	0.456522	-0.264624	0	
0.913043	0.456522	-0.283695	0	
0.934783	0.456522	-0.303302	0	
0.956522	0.456522	-0.323412	0	
0.978261	0.456522	-0.344	0	
1	0.456522	-0.36505	1	
0	0.478261	0.238839	1	
0.0217391	0.478261	0.23879	0	
0.0434783	0.478261	0.23864	0	
0.0652174	0.478261	0.238387	0	
0.0869565	0.478261	0.238027	0	
0.108696	0.478261	0.237556	0	
0.130435	0.478261	0.236966	0	
0.152174	0.478261	0.23625	0	
0.173913	0.478261	0.2354	0	
0.195652	0.478261	0.23441	0	
0.217391	0.478261	0.233278	0	
0.23913	0.478261	0.232007	0	
0.26087	0.478261	0.230613	0	
0.282609	0.478261	0.229126	0	
0.304348	0.478261	0.227594	0	
0.326087	0.478261	0.226072	0	
0.347826	0.478261	0.223392	0	
0.369565	0.478261	0.208834	0	
0.391304	0.478261	0.19425	0	
0.413043	0.478261	0.179414	0	
0.434783	0.478261	0.163997	0	
0.456522	0.478261	0.147596	0	
0.478261	0.478261	0.129774	0	
0.5	0.478261	0.110081	0	
0.521739	0.478261	0.0880643	0	
0.543478	0.478261	0.06329	0	
0.565217	0.478261	0.0353651	0	
0.586957	0.478261	0.00397761	0	
0.608696	0.478261	-0.0310463	0	
0.630435	0.478261	-0.0696753	0	
0.652174	0.478261	-0.111613	0	
0.673913	0.478261	-0.120482	0	
0.695652	0.478261	-0.127523	0	
0.717391	0.478261	-0.136882	0	
0.73913	0.478261	-0.148256	0	
0.76087	0.478261	-0.161329	0	
0.782609	0.478261	-0.175809	0	
0.804348	0.478261	-0.191449	0	
0.826087	0.478261	-0.208051	0	
0.847826	0.478261	-0.225461	0	
0.869565	0.478261	-0.243563	0	
0.891304	0.478261	-0.26227	0	
0.913043	0.478261	-0.281519	0	
0.934783	0.478261	-0.301262	0	
0.956522	0.478261	-0.321467	0	
0.978261	0.478261	-0.342111	0	
1	0.478261	-0.363178	1	
0	0.5	0.242152	1	
0.0217391	0.5	0.242126	0	
0.0434783	0.5	0.242049	0	
0.0652174	0.5	0.24192	0	
0.0869565	0.5	0.241739	0	
0.108696	0.5	0.241505	0	
0.130435	0.5	0.241219	0	
0.152174	0.5	0.24088	0	
0.173913	0.5	0.240486	0	
0.195652	0.5	0.240034	0	
0.217391	0.5	0.239523	0	
0.23913	0.5	0.238945	0	
0.26087	0.5	0.238292	0	
0.282609	0.5	0.237553	0	
0.304348	0.5	0.236709	0	
0.326087	0.5	0.235742	0	
0.347826	0.5	0.233752	0	
0.369565	0.5	0.222312	0	
0.391304	0.5	0.210375	0	
0.413043	0.5	0.197621	0	
0.434783	0.5	0.183707	0	
0.456522	0.5	0.168262	0	
0.478261	0.5	0.150891	0	
0.5	0.5	0.131174	0	
0.521739	0.5	0.108676	0	
0.543478	0.5	0.0829624	0	
0.565217	0.5	0.0536275	0	
0.586957	0.5	0.0203492	0	
0.608696	0.5	-0.0170365	0	
0.630435	0.5	-0.0584469	0	
0.652174	0.5	-0.103476	0	
0.673913	0.5	-0.112975	0	
0.695652	0.5	-0.120454	0	
0.717391	0.5	-0.13033	0	
0.73913	0.5	-0.142264	0	
0.76087	0.5	-0.155905	0	
0.782609	0.5	-0.170932	0	
0.804348	0.5	-0.18708	0	
0.826087	0.5	-0.204138	0	
0.847826	0.5	-0.221947	0	
0.869565	0.5	-0.240388	0	
0.891304	0.5	-0.259376	0	
0.913043	0.5	-0.278848	0	
0.934783	0.5	-0.298761	0	
0.956522	0.5	-0.319084	0	
0.978261	0.5	-0.339797	0	
1	0.5	-0.360888	1	
0	0.521739	0.245516	1	
0.0217391	0.521739	0.245515	0	
0.0434783	0.521739	0.24551	0	
0.0652174	0.521739	0.245505	0	
0.0869565	0.521739	0.245503	0	
0.108696	0.521739	0.245508	0	
0.130435	0.521739	0.245527	0	
0.152174	0.521739	0.245565	0	
0.173913	0.521739	0.245628	0	
0.195652	0.521739	0.245719	0	
0.217391	0.521739	0.245834	0	
0.23913	0.521739	0.245958	0	
0.26087	0.521739	0.246059	0	
0.282609	0.521739	0.246083	0	
0.304348	0.521739	0.245949	0	
0.326087	0.521739	0.24556	0	
0.347826	0.521739	0.244312	0	
0.369565	0.521739	0.236289	0	
0.391304	0.521739	0.227316	0	
0.413043	0.521739	0.216988	0	
0.434783	0.521739	0.204948	0	
0.456522	0.521739	0.190856	0	
0.478261	0.521739	0.174354	0	
0.5	0.521739	0.155048	0	
0.521739	0.521739	0.132505	0	
0.543478	0.521739	0.106256	0	
0.565217	0.521739	0.075833	0	
0.586957	0.521739	0.0408287	0	
0.608696	0.521739	0.000998186	0	
0.630435	0.521739	-0.0435991	0	
0.652174	0.521739	-0.0924551	0	
0.673913	0.521739	-0.102815	0	
0.695652	0.521739	-0.11099	0	
0.717391	0.521739	-0.121721	0	
0.73913	0.521739	-0.134566	0	
0.76087	0.521739	-0.149093	0	
0.782609	0.521739	-0.164935	0	
0.804348	0.521739	-0.181801	0	
0.826087	0.521739	-0.199476	0	
0.847826	0.521739	-0.217801	0	
0.869565	0.521739	-0.236667	0	
0.891304	0.521739	-0.255996	0	
0.913043	0.521739	-0.275736	0	
0.934783	0.521739	-0.295849	0	
0.956522	0.521739	-0.316312	0	
0.978261	0.521739	-0.337107	0	
1	0.521739	-0.358224	1	
0	0.543478	0.248884	1	
0.0217391	0.543478	0.248906	0	
0.0434783	0.543478	0.248972	0	
0.0652174	0.543478	0.249088	0	
0.0869565	0.543478	0.249259	0	
0.108696	0.543478	0.249497	0	
0.130435	0.543478	0.249814	0	
0.152174	0.543478	0.250225	0	
0.173913	0.543478	0.250743	0	
0.195652	0.543478	0.25138	0	
0.217391	0.543478	0.252135	0	
0.23913	0.543478	0.252993	0	
0.26087	0.543478	0.253903	0	
0.282609	0.543478	0.254771	0	
0.304348	0.543478	0.255445	0	
0.326087	0.543478	0.255727	0	
0.347826	0.543478	0.255337	0	
0.369565	0.543478	0.251214	0	
0.391304	0.543478	0.245614	0	
0.413043	0.543478	0.238067	0	
0.434783	0.543478	0.228242	0	
0.456522	0.543478	0.215859	0	
0.478261	0.543478	0.20062	0	
0.5	0.543478	0.182161	0	
0.521739	0.543478	0.160039	0	
0.543478	0.543478	0.133723	0	
0.565217	0.543478	0.10262	0	
0.586957	0.543478	0.0661344	0	
0.608696	0.543478	0.0237998	0	
0.630435	0.543478	-0.0244927	0	
0.652174	0.543478	-0.0781848	0	
0.673913	0.543478	-0.0897403	0	
0.695652	0.543478	-0.0989684	0	
0.717391	0.543478	-0.110998	0	
0.73913	0.543478	-0.125185	0	
0.76087	0.543478	-0.140968	0	
0.782609	0.543478	-0.157914	0	
0.804348	0.543478	-0.175715	0	
0.826087	0.543478	-0.194162	0	
0.847826	0.543478	-0.213114	0	
0.869565	0.543478	-0.232482	0	
0.891304	0.543478	-0.252207	0	
0.913043	0.543478	-0.27225	0	
0.934783	0.543478	-0.292589	0	
0.956522	0.543478	-0.313207	0	
0.978261	0.543478	-0.334094	0	
1	0.543478	-0.355242	1	
0	0.565217	0.252208	1	
0.0217391	0.565217	0.252252	0	
0.0434783	0.565217	0.252385	0	
0.0652174	0.565217	0.252614	0	
0.0869565	0.565217	0.252949	0	
0.108696	0.565217	0.253407	0	
0.130435	0.565217	0.254009	0	
0.152174	0.565217	0.254777	0	
0.173913	0.565217	0.25574	0	
0.195652	0.565217	0.256921	0	
0.217391	0.565217	0.258335	0	
0.23913	0.565217	0.259975	0	
0.26087	0.565217	0.261789	0	
0.282609	0.565217	0.263653	0	
0.304348	0.565217	0.265333	0	
0.326087	0.565217	0.266479	0	
0.347826	0.565217	0.267153	0	
0.369565	0.565217	0.267617	0	
0.391304	0.565217	0.26586	0	
0.413043	0.565217	0.261422	0	
0.434783	0.565217	0.254093	0	
0.456522	0.565217	0.243721	0	
0.478261	0.565217	0.230105	0	
0.5	0.565217	0.212938	0	
0.521739	0.565217	0.191767	0	
0.543478	0.565217	0.165978	0	
0.565217	0.565217	0.13479	0	
0.586957	0.565217	0.0972893	0	
0.608696	0.565217	0.0525593	0	
0.630435	0.565217	1.35221e-05	0	
0.652174	0.565217	-0.0599691	0	
0.673913	0.565217	-0.0732863	0	
0.695652	0.565217	-0.0841457	0	
0.717391	0.565217	-0.0981176	0	
0.73913	0.565217	-0.114209	0	
0.76087	0.565217	-0.131678	0	
0.782609	0.565217	-0.150037	0	
0.804348	0.565217	-0.168983	0	
0.826087	0.565217	-0.188342	0	
0.847826	0.565217	-0.208013	0	
0.869565	0.565217	-0.227941	0	
0.891304	0.565217	-0.248098	0	
0.913043	0.565217	-0.268469	0	
0.934783	0.565217	-0.289049	0	
0.956522	0.565217	-0.309834	0	
0.978261	0.565217	-0.330821	0	
1	0.565217	-0.352003	1	
0	0.586957	0.255443	1	
0.0217391	0.586957	0.255508	0	
0.0434783	0.586957	0.255703	0	
0.0652174	0.586957	0.256034	0	
0.0869565	0.586957	0.256517	0	
0.108696	0.586957	0.257174	0	
0.130435	0.586957	0.258035	0	
0.152174	0.586957	0.259136	0	
0.173913	0.586957	0.260519	0	
0.195652	0.586957	0.262229	0	
0.217391	0.586957	0.264309	0	
0.23913	0.586957	0.266782	0	
0.26087	0.586957	0.269626	0	
0.282609	0.586957	0.27272	0	
0.304348	0.586957	0.275754	0	
0.326087	0.586957	0.278144	0	
0.347826	0.586957	0.280264	0	
0.369565	0.586957	0.286241	0	
0.391304	0.586957	0.288787	0	
0.413043	0.586957	0.287671	0	
0.434783	0.586957	0.282987	0	
0.456522	0.586957	0.274825	0	
0.478261	0.586957	0.263144	0	
0.5	0.586957	0.247719	0	
0.521739	0.586957	0.228112	0	
0.543478	0.586957	0.203631	0	
0.565217	0.586957	0.173273	0	
0.586957	0.586957	0.135674	0	
0.608696	0.586957	0.0891349	0	
0.630435	0.586957	0.0319568	0	
0.652174	0.586957	-0.0364484	0	
0.673913	0.586957	-0.0526734	0	
0.695652	0.586957	-0.0662102	0	
0.717391	0.586957	-0.0831178	0	
0.73913	0.586957	-0.101855	0	
0.76087	0.586957	-0.1215	0	
0.782609	0.586957	-0.141571	0	
0.804348	0.586957	-0.161839	0	
0.826087	0.586957	-0.18221	0	
0.847826	0.586957	-0.202653	0	
0.869565	0.586957	-0.223171	0	
0.891304	0.586957	-0.243774	0	
0.913043	0.586957	-0.26448	0	
0.934783	0.586957	-0.285304	0	
0.956522	0.586957	-0.306259	0	
0.978261	0.586957	-0.327352	0	
1	0.586957	-0.348574	1	
0	0.608696	0.258548	1	
0.0217391	0.608696	0.258636	0	
0.0434783	0.608696	0.258885	0	
0.0652174	0.608696	0.259303	0	
0.0869565	0.608696	0.259911	0	
0.108696	0.608696	0.260738	0	
0.130435	0.608696	0.261822	0	
0.152174	0.608696	0.263212	0	
0.173913	0.608696	0.26497	0	
0.195652	0.608696	0.267168	0	
0.217391	0.608696	0.26989	0	
0.23913	0.608696	0.273218	0	
0.26087	0.608696	0.277215	0	
0.282609	0.608696	0.281845	0	
0.304348	0.608696	0.286818	0	
0.326087	0.608696	0.29125	0	
0.347826	0.608696	0.295647	0	
0.369565	0.608696	0.308297	0	
0.391304	0.608696	0.315375	0	
0.413043	0.608696	0.317489	0	
0.434783	0.608696	0.31536	0	
0.456522	0.608696	0.309449	0	
0.478261	0.608696	0.299925	0	
0.5	0.608696	0.286681	0	
0.521739	0.608696	0.269332	0	
0.543478	0.608696	0.247162	0	
0.565217	0.608696	0.218998	0	
0.586957	0.608696	0.182998	0	
0.608696	0.608696	0.13635	0	
0.630435	0.608696	0.075127	0	
0.652174	0.608696	-0.0045952	0	
0.673913	0.608696	-0.0266334	0	
0.695652	0.608696	-0.0449042	0	
0.717391	0.608696	-0.0662887	0	
0.73913	0.608696	-0.088592	0	
0.76087	0.608696	-0.110896	0	
0.782609	0.608696	-0.132908	0	
0.804348	0.608696	-0.154593	0	
0.826087	0.608696	-0.176005	0	
0.847826	0.608696	-0.197221	0	
0.869565	0.608696	-0.218314	0	
0.891304	0.608696	-0.239348	0	
0.913043	0.608696	-0.260372	0	
0.934783	0.608696	-0.281427	0	
0.956522	0.608696	-0.302546	0	
0.978261	0.608696	-0.323753	0	
1	0.608696	-0.345038	1	
0	0.630435	0.261477	1	
0.0217391	0.630435	0.261602	0	
0.0434783	0.630435	0.261898	0	
0.0652174	0.630435	0.262383	0	
0.0869565	0.630435	0.263086	0	
0.108696	0.630435	0.264044	0	
0.130435	0.630435	0.265302	0	
0.152174	0.630435	0.266922	0	
0.173913	0.630435	0.268982	0	
0.195652	0.630435	0.271584	0	
0.217391	0.630435	0.274863	0	
0.23913	0.630435	0.278987	0	
0.26087	0.630435	0.284169	0	
0.282609	0.630435	0.290629	0	
0.304348	0.630435	0.298424	0	
0.326087	0.630435	0.306725	0	
0.347826	0.630435	0.315645	0	
0.369565	0.630435	0.335925	0	
0.391304	0.630435	0.346927	0	
0.413043	0.630435	0.35155	0	
0.434783	0.630435	0.351514	0	
0.456522	0.630435	0.347688	0	
0.478261	0.630435	0.340428	0	
0.5	0.630435	0.329749	0	
0.521739	0.630435	0.315374	0	
0.543478	0.630435	0.296686	0	
0.565217	0.630435	0.27256	0	
0.586957	0.630435	0.240971	0	
0.608696	0.630435	0.198139	0	
0.630435	0.630435	0.136797	0	
0.652174	0.630435	0.0438531	0	
0.673913	0.630435	0.00664175	0	
0.695652	0.630435	-0.0204844	0	
0.717391	0.630435	-0.0485408	0	
0.73913	0.630435	-0.0753283	0	
0.76087	0.630435	-0.100585	0	
0.782609	0.630435	-0.124573	0	
0.804348	0.630435	-0.147619	0	
0.826087	0.630435	-0.169995	0	
0.847826	0.630435	-0.19191	0	
0.869565	0.630435	-0.213518	0	
0.891304	0.630435	-0.234932	0	
0.913043	0.630435	-0.256233	0	
0.934783	0.630435	-0.277487	0	
0.956522	0.630435	-0.298747	0	
0.978261	0.630435	-0.320076	0	
1	0.630435	-0.341519	1	
0	0.652174	0.264157	1	
0.0217391	0.652174	0.264397	0	
0.0434783	0.652174	0.264721	0	
0.0652174	0.652174	0.265244	0	
0.0869565	0.652174	0.266007	0	
0.108696	0.652174	0.267049	0	
0.130435	0.652174	0.268421	0	
0.152174	0.652174	0.270191	0	
0.173913	0.652174	0.27245	0	
0.195652	0.652174	0.275325	0	
0.217391	0.652174	0.278989	0	
0.23913	0.652174	0.283699	0	
0.26087	0.652174	0.289845	0	
0.282609	0.652174	0.298076	0	
0.304348	0.652174	0.309525	0	
0.326087	0.652174	0.326193	0	
0.347826	0.652174	0.347153	0	
0.369565	0.652174	0.372833	0	
0.391304	0.652174	0.384859	0	
0.413043	0.652174	0.39027	0	
0.434783	0.652174	0.391458	0	
0.456522	0.652174	0.38936	0	
0.478261	0.652174	0.38435	0	
0.5	0.652174	0.376515	0	
0.521739	0.652174	0.365729	0	
0.543478	0.652174	0.351648	0	
0.565217	0.652174	0.333584	0	
0.586957	0.652174	0.310188	0	
0.608696	0.652174	0.278437	0	
0.630435	0.652174	0.230069	0	
0.652174	0.652174	0.136989	0	
0.673913	0.652174	0.047752	0	
0.695652	0.652174	0.00486578	0	
0.717391	0.652174	-0.0320619	0	
0.73913	0.652174	-0.0635954	0	
0.76087	0.652174	-0.0915422	0	
0.782609	0.652174	-0.117181	0	
0.804348	0.652174	-0.141314	0	
0.826087	0.652174	-0.164447	0	
0.847826	0.652174	-0.186907	0	
0.869565	0.652174	-0.208917	0	
0.891304	0.652174	-0.230627	0	
0.913043	0.652174	-0.252143	0	
0.934783	0.652174	-0.273539	0	
0.956522	0.652174	-0.294878	0	
0.978261	0.652174	-0.316285	0	
1	0.652174	-0.338332	1	
0	0.673913	0.269832	1	
0.0217391	0.673913	0.269353	0	
0.0434783	0.673913	0.269546	0	
0.0652174	0.673913	0.270074	0	
0.0869565	0.673913	0.270886	0	
0.108696	0.673913	0.272004	0	
0.130435	0.673913	0.273477	0	
0.152174	0.673913	0.275377	0	
0.173913	0.673913	0.277806	0	
0.195652	0.673913	0.280905	0	
0.217391	0.673913	0.284878	0	
0.23913	0.673913	0.290044	0	
0.26087	0.673913	0.296945	0	
0.282609	0.673913	0.306645	0	
0.304348	0.673913	0.321641	0	
0.326087	0.673913	0.349114	0	
0.347826	0.673913	0.370195	0	
0.369565	0.673913	0.385749	0	
0.391304	0.673913	0.394764	0	
0.413043	0.673913	0.399229	0	
0.434783	0.673913	0.400214	0	
0.456522	0.673913	0.39826	0	
0.478261	0.673913	0.393621	0	
0.5	0.673913	0.386358	0	
0.521739	0.673913	0.376383	0	
0.543478	0.673913	0.36345	0	
0.565217	0.673913	0.347104	0	
0.586957	0.673913	0.326571	0	
0.608696	0.673913	0.300589	0	
0.630435	0.673913	0.267352	0	
0.652174	0.673913	0.226261	0	
0.673913	0.673913	0.137007	0	
0.695652	0.673913	0.0417482	0	
0.717391	0.673913	-0.0104363	0	
0.73913	0.673913	-0.0478062	0	
0.76087	0.673913	-0.0786671	0	
0.782609	0.673913	-0.106069	0	
0.804348	0.673913	-0.131398	0	
0.826087	0.673913	-0.155397	0	
0.847826	0.673913	-0.178508	0	
0.869565	0.673913	-0.201014	0	
0.891304	0.673913	-0.223101	0	
0.913043	0.673913	-0.244891	0	
0.934783	0.673913	-0.266449	0	
0.956522	0.673913	-0.287741	0	
0.978261	0.673913	-0.308401	0	
1	0.673913	-0.326532	1	
0	0.695652	0.294928	1	
0.0217391	0.695652	0.294923	0	
0.0434783	0.695652	0.295253	0	
0.0652174	0.695652	0.295929	0	
0.0869565	0.695652	0.296958	0	
0.108696	0.695652	0.298368	0	
0.130435	0.695652	0.300216	0	
0.152174	0.695652	0.302585	0	
0.173913	0.695652	0.305592	0	
0.195652	0.695652	0.309408	0	
0.217391	0.695652	0.314284	0	
0.23913	0.695652	0.320604	0	
0.26087	0.695652	0.328995	0	
0.282609	0.695652	0.340529	0	
0.304348	0.695652	0.357092	0	
0.326087	0.695652	0.381737	0	
0.347826	0.695652	0.390979	0	
0.369565	0.695652	0.39841	0	
0.391304	0.695652	0.404078	0	
0.413043	0.695652	0.407117	0	
0.434783	0.695652	0.407526	0	
0.456522	0.695652	0.405439	0	
0.478261	0.695652	0.40095	0	
0.5	0.695652	0.394077	0	
0.521739	0.695652	0.384758	0	
0.543478	0.695652	0.372844	0	
0.565217	0.695652	0.358098	0	
0.586957	0.695652	0.340214	0	
0.608696	0.695652	0.31894	0	
0.630435	0.695652	0.294534	0	
0.652174	0.695652	0.269181	0	
0.673913	0.695652	0.232269	0	
0.695652	0.695652	0.136916	0	
0.717391	0.695652	0.0714673	0	
0.73913	0.695652	0.0227618	0	
0.76087	0.695652	-0.0165018	0	
0.782609	0.695652	-0.0501301	0	
0.804348	0.695652	-0.0801817	0	
0.826087	0.695652	-0.10784	0	
0.847826	0.695652	-0.133824	0	
0.869565	0.695652	-0.158595	0	
0.891304	0.695652	-0.182452	0	
0.913043	0.695652	-0.205589	0	
0.934783	0.695652	-0.228118	0	
0.956522	0.695652	-0.250065	0	
0.978261	0.695652	-0.271367	0	
1	0.695652	-0.292035	1	
0	0.717391	0.320035	1	
0.0217391	0.717391	0.32016	0	
0.0434783	0.717391	0.320613	0	
0.0652174	0.717391	0.321433	0	
0.0869565	0.717391	0.322648	0	
0.108696	0.717391	0.324295	0	
0.130435	0.717391	0.326435	0	
0.152174	0.717391	0.329153	0	
0.173913	0.717391	0.33257	0	
0.195652	0.717391	0.336853	0	
0.217391	0.717391	0.342245	0	
0.23913	0.717391	0.349094	0	
0.26087	0.717391	0.357902	0	
0.282609	0.717391	0.369386	0	
0.304348	0.717391	0.384461	0	
0.326087	0.717391	0.403885	0	
0.347826	0.717391	0.409001	0	
0.369565	0.717391	0.412836	0	
0.391304	0.717391	0.41602	0	
0.413043	0.717391	0.417634	0	
0.434783	0.717391	0.417335	0	
0.456522	0.717391	0.41502	0	
0.478261	0.717391	0.410662	0	
0.5	0.717391	0.404242	0	
0.521739	0.717391	0.395727	0	
0.543478	0.717391	0.385069	0	
0.565217	0.717391	0.372228	0	
0.586957	0.717391	0.357249	0	
0.608696	0.717391	0.340423	0	
0.630435	0.717391	0.322663	0	
0.652174	0.717391	0.306159	0	
0.673913	0.717391	0.284468	0	
0.695652	0.717391	0.202178	0	
0.717391	0.717391	0.136628	0	
0.73913	0.717391	0.083888	0	
0.76087	0.717391	0.0400283	0	
0.782609	0.717391	0.0022318	0	
0.804348	0.717391	-0.0313594	0	
0.826087	0.717391	-0.0619557	0	
0.847826	0.717391	-0.0903543	0	
0.869565	0.717391	-0.117089	0	
0.891304	0.717391	-0.142522	0	
0.913043	0.717391	-0.166896	0	
0.934783	0.717391	-0.190367	0	
0.956522	0.717391	-0.213033	0	
0.978261	0.717391	-0.234966	0	
1	0.717391	-0.256319	1	
0	0.73913	0.344895	1	
0.0217391	0.73913	0.345067	0	
0.0434783	0.73913	0.345608	0	
0.0652174	0.73913	0.346544	0	
0.0869565	0.73913	0.347905	0	
0.108696	0.73913	0.34973	0	
0.130435	0.73913	0.352077	0	
0.152174	0.73913	0.355024	0	
0.173913	0.73913	0.35868	0	
0.195652	0.73913	0.36319	0	
0.217391	0.73913	0.368752	0	
0.23913	0.73913	0.375624	0	
0.26087	0.73913	0.384133	0	
0.282609	0.73913	0.394651	0	
0.304348	0.73913	0.407481	0	
0.326087	0.73913	0.422547	0	
0.347826	0.73913	0.425821	0	
0.369565	0.73913	0.427912	0	
0.391304	0.73913	0.429532	0	
0.413043	0.73913	0.430065	0	
0.434783	0.73913	0.42916	0	
0.456522	0.73913	0.426644	0	
0.478261	0.73913	0.422436	0	
0.5	0.73913	0.416503	0	
0.521739	0.73913	0.408841	0	
0.543478	0.73913	0.399476	0	
0.565217	0.73913	0.388499	0	
0.586957	0.73913	0.376129	0	
0.608696	0.73913	0.362839	0	
0.630435	0.73913	0.349536	0	
0.652174	0.73913	0.337755	0	
0.673913	0.73913	0.321862	0	
0.695652	0.73913	0.250702	0	
0.717391	0.73913	0.188979	0	
0.73913	0.73913	0.136134	0	
0.76087	0.73913	0.090495	0	
0.782609	0.73913	0.0503885	0	
0.804348	0.73913	0.0144681	0	
0.826087	0.73913	-0.0182692	0	
0.847826	0.73913	-0.0485477	0	
0.869565	0.73913	-0.0768858	0	
0.891304	0.73913	-0.103651	0	
0.913043	0.73913	-0.129104	0	
0.934783	0.73913	-0.153423	0	
0.956522	0.73913	-0.176735	0	
0.978261	0.73913	-0.199143	0	
1	0.73913	-0.220758	1	
0	0.76087	0.36941	1	
0.0217391	0.76087	0.369607	0	
0.0434783	0.76087	0.370208	0	
0.0652174	0.76087	0.37123	0	
0.0869565	0.76087	0.372697	0	
0.108696	0.76087	0.374644	0	
0.130435	0.76087	0.37712	0	
0.152174	0.76087	0.380188	0	
0.173913	0.76087	0.383936	0	
0.195652	0.76087	0.388476	0	
0.217391	0.76087	0.393948	0	
0.23913	0.76087	0.400517	0	
0.26087	0.76087	0.408357	0	
0.282609	0.76087	0.417606	0	
0.304348	0.76087	0.428267	0	
0.326087	0.76087	0.440032	0	
0.347826	0.76087	0.442298	0	
0.369565	0.76087	0.443461	0	
0.391304	0.76087	0.444132	0	
0.413043	0.76087	0.443934	0	
0.434783	0.76087	0.442598	0	
0.456522	0.76087	0.43996	0	
0.478261	0.76087	0.435935	0	
0.5	0.76087	0.430494	0	
0.521739	0.76087	0.423656	0	
0.543478	0.76087	0.415495	0	
0.565217	0.76087	0.406162	0	
0.586957	0.76087	0.395931	0	
0.608696	0.76087	0.385267	0	
0.630435	0.76087	0.374889	0	
0.652174	0.76087	0.365773	0	
0.673913	0.76087	0.352755	0	
0.695652	0.76087	0.289788	0	
0.717391	0.76087	0.232452	0	
0.73913	0.76087	0.181175	0	
0.76087	0.76087	0.135429	0	
0.782609	0.76087	0.0943592	0	
0.804348	0.76087	0.0571123	0	
0.826087	0.76087	0.0229589	0	
0.847826	0.76087	-0.00868151	0	
0.869565	0.76087	-0.0382545	0	
0.891304	0.76087	-0.0660939	0	
0.913043	0.76087	-0.0924447	0	
0.934783	0.76087	-0.117484	0	
0.956522	0.76087	-0.141341	0	
0.978261	0.76087	-0.164112	0	
1	0.76087	-0.185872	1	
0	0.782609	0.393531	1	
0.0217391	0.782609	0.393744	0	
0.0434783	0.782609	0.394387	0	
0.0652174	0.782609	0.39547	0	
0.0869565	0.782609	0.39701	0	
0.108696	0.782609	0.399031	0	
0.130435	0.782609	0.401569	0	
0.152174	0.782609	0.404671	0	
0.173913	0.782609	0.4084	0	
0.195652	0.782609	0.41283	0	
0.217391	0.782609	0.418048	0	
0.23913	0.782609	0.42414	0	
0.26087	0.782609	0.431172	0	
0.282609	0.782609	0.439149	0	
0.304348	0.782609	0.447949	0	
0.326087	0.782609	0.457238	0	
0.347826	0.782609	0.458874	0	
0.369565	0.782609	0.459502	0	
0.391304	0.782609	0.4596	0	
0.413043	0.782609	0.458941	0	
0.434783	0.782609	0.457337	0	
0.456522	0.782609	0.454662	0	
0.478261	0.782609	0.450849	0	
0.5	0.782609	0.445882	0	
0.521739	0.782609	0.439796	0	
0.543478	0.782609	0.432687	0	
0.565217	0.782609	0.424721	0	
0.586957	0.782609	0.416166	0	
0.608696	0.782609	0.40741	0	
0.630435	0.782609	0.39898	0	
0.652174	0.782609	0.391491	0	
0.673913	0.782609	0.380195	0	
0.695652	0.782609	0.323244	0	
0.717391	0.782609	0.269865	0	
0.73913	0.782609	0.220686	0	
0.76087	0.782609	0.175687	0	
0.782609	0.782609	0.134507	0	
0.804348	0.782609	0.0966629	0	
0.826087	0.782609	0.0616742	0	
0.847826	0.782609	0.0291175	0	
0.869565	0.782609	-0.00135689	0	
0.891304	0.782609	-0.0300248	0	
0.913043	0.782609	-0.0570967	0	
0.934783	0.782609	-0.0827287	0	
0.956522	0.782609	-0.107034	0	
0.978261	0.782609	-0.130091	0	
1	0.782609	-0.151954	1	
0	0.804348	0.417227	1	
0.0217391	0.804348	0.417452	0	
0.0434783	0.804348	0.418127	0	
0.0652174	0.804348	0.419255	0	
0.0869565	0.804348	0.420842	0	
0.108696	0.804348	0.422902	0	
0.130435	0.804348	0.425455	0	
0.152174	0.804348	0.428529	0	
0.173913	0.804348	0.432162	0	
0.195652	0.804348	0.436397	0	
0.217391	0.804348	0.441274	0	
0.23913	0.804348	0.446823	0	
0.26087	0.804348	0.453043	0	
0.282609	0.804348	0.45987	0	
0.304348	0.804348	0.467141	0	
0.326087	0.804348	0.474559	0	
0.347826	0.804348	0.47577	0	
0.369565	0.804348	0.476073	0	
0.391304	0.804348	0.475827	0	
0.413043	0.804348	0.474893	0	
0.434783	0.804348	0.473147	0	
0.456522	0.804348	0.470504	0	
0.478261	0.804348	0.466918	0	
0.5	0.804348	0.462388	0	
0.521739	0.804348	0.456961	0	
0.543478	0.804348	0.450735	0	
0.565217	0.804348	0.443871	0	
0.586957	0.804348	0.4366	0	
0.608696	0.804348	0.429228	0	
0.630435	0.804348	0.422132	0	
0.652174	0.804348	0.415705	0	
0.673913	0.804348	0.405567	0	
0.695652	0.804348	0.353129	0	
0.717391	0.804348	0.30308	0	
0.73913	0.804348	0.256017	0	
0.76087	0.804348	0.212127	0	
0.782609	0.804348	0.171319	0	
0.804348	0.804348	0.133358	0	
0.826087	0.804348	0.0979578	0	
0.847826	0.804348	0.0648342	0	
0.869565	0.804348	0.0337344	0	
0.891304	0.804348	0.00444846	0	
0.913043	0.804348	-0.0231886	0	
0.934783	0.804348	-0.0493001	0	
0.956522	0.804348	-0.0739728	0	
0.978261	0.804348	-0.0972646	0	
1	0.804348	-0.119209	1	
0	0.826087	0.440475	1	
0.0217391	0.826087	0.44071	0	
0.0434783	0.826087	0.441414	0	
0.0652174	0.826087	0.44258	0	
0.0869565	0.826087	0.444203	0	
0.108696	0.826087	0.446281	0	
0.130435	0.826087	0.44882	0	
0.152174	0.826087	0.451829	0	
0.173913	0.826087	0.455324	0	
0.195652	0.826087	0.459321	0	
0.217391	0.826087	0.463828	0	
0.23913	0.826087	0.468837	0	
0.26087	0.826087	0.474307	0	
0.282609	0.826087	0.480146	0	
0.304348	0.826087	0.486189	0	
0.326087	0.826087	0.492182	0	
0.347826	0.826087	0.493094	0	
0.369565	0.826087	0.493192	0	
0.391304	0.826087	0.492742	0	
0.413043	0.826087	0.491655	0	
0.434783	0.826087	0.489856	0	
0.456522	0.826087	0.487289	0	
0.478261	0.826087	0.483929	0	
0.5	0.826087	0.479791	0	
0.521739	0.826087	0.474924	0	
0.543478	0.826087	0.469423	0	
0.565217	0.826087	0.463429	0	
0.586957	0.826087	0.457133	0	
0.608696	0.826087	0.450772	0	
0.630435	0.826087	0.444613	0	
0.652174	0.826087	0.438919	0	
0.673913	0.826087	0.429609	0	
0.695652	0.826087	0.380625	0	
0.717391	0.826087	0.333309	0	
0.73913	0.826087	0.288177	0	
0.76087	0.826087	0.245484	0	
0.782609	0.826087	0.205283	0	
0.804348	0.826087	0.167493	0	
0.826087	0.826087	0.131965	0	
0.847826	0.826087	0.0985275	0	
0.869565	0.826087	0.0670121	0	
0.891304	0.826087	0.0372732	0	
0.913043	0.826087	0.00919402	0	
0.934783	0.826087	-0.0173098	0	
0.956522	0.826087	-0.0422929	0	
0.978261	0.826087	-0.065785	0	
1	0.826087	-0.0877991	1	
0	0.847826	0.463251	1	
0.0217391	0.847826	0.4635	0	
0.0434783	0.847826	0.464239	0	
0.0652174	0.847826	0.465449	0	
0.0869565	0.847826	0.467108	0	
0.108696	0.847826	0.4692	0	
0.130435	0.847826	0.471714	0	
0.152174	0.847826	0.474643	0	
0.173913	0.847826	0.477985	0	
0.195652	0.847826	0.481736	0	
0.217391	0.847826	0.485881	0	
0.23913	0.847826	0.490389	0	
0.26087	0.847826	0.495202	0	
0.282609	0.847826	0.500219	0	
0.304348	0.847826	0.505287	0	
0.326087	0.847826	0.510195	0	
0.347826	0.847826	0.510893	0	
0.369565	0.847826	0.510861	0	
0.391304	0.847826	0.510292	0	
0.413043	0.847826	0.509131	0	
0.434783	0.847826	0.507333	0	
0.456522	0.847826	0.504865	0	
0.478261	0.847826	0.501721	0	
0.5	0.847826	0.497922	0	
0.521739	0.847826	0.49352	0	
0.543478	0.847826	0.488602	0	
0.565217	0.847826	0.483288	0	
0.586957	0.847826	0.477732	0	
0.608696	0.847826	0.472114	0	
0.630435	0.847826	0.466628	0	
0.652174	0.847826	0.461457	0	
0.673913	0.847826	0.452761	0	
0.695652	0.847826	0.406455	0	
0.717391	0.847826	0.361353	0	
0.73913	0.847826	0.317896	0	
0.76087	0.847826	0.276351	0	
0.782609	0.847826	0.236837	0	
0.804348	0.847826	0.199366	0	
0.826087	0.847826	0.163883	0	
0.847826	0.847826	0.130298	0	
0.869565	0.847826	0.0985134	0	
0.891304	0.847826	0.0684379	0	
0.913043	0.847826	0.0400013	0	
0.934783	0.847826	0.0131596	0	
0.956522	0.847826	-0.0121039	0	
0.978261	0.847826	-0.0357835	0	
1	0.847826	-0.0578639	1	
0	0.869565	0.485531	1	
0.0217391	0.869565	0.485802	0	
0.0434783	0.869565	0.486594	0	
0.0652174	0.869565	0.487868	0	
0.0869565	0.869565	0.489582	0	
0.108696	0.869565	0.491698	0	
0.130435	0.869565	0.494192	0	
0.152174	0.869565	0.497044	0	
0.173913	0.869565	0.500239	0	
0.195652	0.869565	0.503756	0	
0.217391	0.869565	0.50757	0	
0.23913	0.869565	0.511638	0	
0.26087	0.869565	0.515893	0	
0.282609	0.869565	0.520241	0	
0.304348	0.869565	0.524548	0	
0.326087	0.869565	0.528636	0	
0.347826	0.869565	0.52918	0	
0.369565	0.869565	0.529067	0	
0.391304	0.869565	0.528433	0	
0.413043	0.869565	0.527246	0	
0.434783	0.869565	0.525478	0	
0.456522	0.869565	0.523117	0	
0.478261	0.869565	0.520168	0	
0.5	0.869565	0.516656	0	
0.521739	0.869565	0.512634	0	
0.543478	0.869565	0.508178	0	
0.565217	0.869565	0.50339	0	
0.586957	0.869565	0.498392	0	
0.608696	0.869565	0.493324	0	
0.630435	0.869565	0.488329	0	
0.652174	0.869565	0.48354	0	
0.673913	0.869565	0.475306	0	
0.695652	0.869565	0.431079	0	
0.717391	0.869565	0.387755	0	
0.73913	0.869565	0.345705	0	
0.76087	0.869565	0.305186	0	
0.782609	0.869565	0.266347	0	
0.804348	0.869565	0.229251	0	
0.826087	0.869565	0.193902	0	
0.847826	0.869565	0.16027	0	
0.869565	0.869565	0.128305	0	
0.891304	0.869565	0.0979638	0	
0.913043	0.869565	0.0692139	0	
0.934783	0.869565	0.0420509	0	
0.956522	0.869565	0.0165013	0	
0.978261	0.869565	-0.00738116	0	
1	0.869565	-0.0295362	1	
0	0.891304	0.507272	1	
0.0217391	0.891304	0.507581	0	
0.0434783	0.891304	0.508467	0	
0.0652174	0.891304	0.509849	0	
0.0869565	0.891304	0.511652	0	
0.108696	0.891304	0.51382	0	
0.130435	0.891304	0.516313	0	
0.152174	0.891304	0.519104	0	
0.173913	0.891304	0.522169	0	
0.195652	0.891304	0.525482	0	
0.217391	0.891304	0.529007	0	
0.23913	0.891304	0.532699	0	
0.26087	0.891304	0.536493	0	
0.282609	0.891304	0.540306	0	
0.304348	0.891304	0.544027	0	
0.326087	0.891304	0.547513	0	
0.347826	0.891304	0.547954	0	
0.369565	0.891304	0.547793	0	
0.391304	0.891304	0.547129	0	
0.413043	0.891304	0.545941	0	
0.434783	0.891304	0.544218	0	
0.456522	0.891304	0.541959	0	
0.478261	0.891304	0.539176	0	
0.5	0.891304	0.535901	0	
0.521739	0.891304	0.532182	0	
0.543478	0.891304	0.528086	0	
0.565217	0.891304	0.5237	0	
0.586957	0.891304	0.519122	0	
0.608696	0.891304	0.514461	0	
0.630435	0.891304	0.509826	0	
0.652174	0.891304	0.505314	0	
0.673913	0.891304	0.497427	0	
0.695652	0.891304	0.454802	0	
0.717391	0.891304	0.412881	0	
0.73913	0.891304	0.371983	0	
0.76087	0.891304	0.332342	0	
0.782609	0.891304	0.294114	0	
0.804348	0.891304	0.257389	0	
0.826087	0.891304	0.222206	0	
0.847826	0.891304	0.188573	0	
0.869565	0.891304	0.156475	0	
0.891304	0.891304	0.125898	0	
0.913043	0.891304	0.0968397	0	
0.934783	0.891304	0.0693289	0	
0.956522	0.891304	0.0434394	0	
0.978261	0.891304	0.0192939	0	
1	0.891304	-0.00296522	1	
0	0.913043	0.528395	1	
0.0217391	0.913043	0.528786	0	
0.0434783	0.913043	0.529845	0	
0.0652174	0.913043	0.531411	0	
0.0869565	0.913043	0.533359	0	
0.108696	0.913043	0.535616	0	
0.130435	0.913043	0.538137	0	
0.152174	0.913043	0.540891	0	
0.173913	0.913043	0.543854	0	
0.195652	0.913043	0.546995	0	
0.217391	0.913043	0.550279	0	
0.23913	0.913043	0.553659	0	
0.26087	0.913043	0.557075	0	
0.282609	0.913043	0.560462	0	
0.304348	0.913043	0.563743	0	
0.326087	0.913043	0.566816	0	
0.347826	0.913043	0.567203	0	
0.369565	0.913043	0.567022	0	
0.391304	0.913043	0.566348	0	
0.413043	0.913043	0.565172	0	
0.434783	0.913043	0.563494	0	
0.456522	0.913043	0.561323	0	
0.478261	0.913043	0.558678	0	
0.5	0.913043	0.55559	0	
0.521739	0.913043	0.552106	0	
0.543478	0.913043	0.548286	0	
0.565217	0.913043	0.544202	0	
0.586957	0.913043	0.539936	0	
0.608696	0.913043	0.535574	0	
0.630435	0.913043	0.531198	0	
0.652174	0.913043	0.526885	0	
0.673913	0.913043	0.519245	0	
0.695652	0.913043	0.477821	0	
0.717391	0.913043	0.436985	0	
0.73913	0.913043	0.397006	0	
0.76087	0.913043	0.358086	0	
0.782609	0.913043	0.320378	0	
0.804348	0.913043	0.283984	0	
0.826087	0.913043	0.248962	0	
0.847826	0.913043	0.21534	0	
0.869565	0.913043	0.183124	0	
0.891304	0.913043	0.152313	0	
0.913043	0.913043	0.122918	0	
0.934783	0.913043	0.0949858	0	
0.956522	0.913043	0.0686336	0	
0.978261	0.913043	0.0440826	0	
1	0.913043	0.0216409	1	
0	0.934783	0.548737	1	
0.0217391	0.934783	0.549323	0	
0.0434783	0.934783	0.550717	0	
0.0652174	0.934783	0.552589	0	
0.0869565	0.934783	0.55476	0	
0.108696	0.934783	0.557151	0	
0.130435	0.934783	0.559727	0	
0.152174	0.934783	0.56247	0	
0.173913	0.934783	0.565359	0	
0.195652	0.934783	0.568367	0	
0.217391	0.934783	0.571457	0	
0.23913	0.934783	0.574582	0	
0.26087	0.934783	0.577688	0	
0.282609	0.934783	0.580726	0	
0.304348	0.934783	0.583666	0	
0.326087	0.934783	0.586499	0	
0.347826	0.934783	0.586916	0	
0.369565	0.934783	0.586743	0	
0.391304	0.934783	0.58607	0	
0.413043	0.934783	0.584905	0	
0.434783	0.934783	0.583264	0	
0.456522	0.934783	0.581162	0	
0.478261	0.934783	0.578622	0	
0.5	0.934783	0.575676	0	
0.521739	0.934783	0.572367	0	
0.543478	0.934783	0.568749	0	
0.565217	0.934783	0.564887	0	
0.586957	0.934783	0.560847	0	
0.608696	0.934783	0.5567	0	
0.630435	0.934783	0.552508	0	
0.652174	0.934783	0.548324	0	
0.673913	0.934783	0.540825	0	
0.695652	0.934783	0.500252	0	
0.717391	0.934783	0.460235	0	
0.73913	0.934783	0.420968	0	
0.76087	0.934783	0.382619	0	
0.782609	0.934783	0.34533	0	
0.804348	0.934783	0.309207	0	
0.826087	0.934783	0.274319	0	
0.847826	0.934783	0.240702	0	
0.869565	0.934783	0.208369	0	
0.891304	0.934783	0.177313	0	
0.913043	0.934783	0.147534	0	
0.934783	0.934783	0.119062	0	
0.956522	0.934783	0.0920268	0	
0.978261	0.934783	0.0667621	0	
1	0.934783	0.0439171	1	
0	0.956522	0.567911	1	
0.0217391	0.956522	0.569052	0	
0.0434783	0.956522	0.571112	0	
0.0652174	0.956522	0.573469	0	
0.0869565	0.956522	0.575941	0	
0.108696	0.956522	0.5785	0	
0.130435	0.956522	0.581153	0	
0.152174	0.956522	0.583904	0	
0.173913	0.956522	0.586747	0	
0.195652	0.956522	0.589659	0	
0.217391	0.956522	0.592602	0	
0.23913	0.956522	0.595525	0	
0.26087	0.956522	0.59837	0	
0.282609	0.956522	0.601088	0	
0.304348	0.956522	0.603696	0	
0.326087	0.956522	0.606399	0	
0.347826	0.956522	0.607101	0	
0.369565	0.956522	0.606965	0	
0.391304	0.956522	0.606282	0	
0.413043	0.956522	0.605116	0	
0.434783	0.956522	0.603495	0	
0.456522	0.956522	0.60144	0	
0.478261	0.956522	0.598972	0	
0.5	0.956522	0.596124	0	
0.521739	0.956522	0.592936	0	
0.543478	0.956522	0.589458	0	
0.565217	0.956522	0.585748	0	
0.586957	0.956522	0.581865	0	
0.608696	0.956522	0.57787	0	
0.630435	0.956522	0.573809	0	
0.652174	0.956522	0.569695	0	
0.673913	0.956522	0.562134	0	
0.695652	0.956522	0.522127	0	
0.717391	0.956522	0.482735	0	
0.73913	0.956522	0.444012	0	
0.76087	0.956522	0.406093	0	
0.782609	0.956522	0.369116	0	
0.804348	0.956522	0.333195	0	
0.826087	0.956522	0.298403	0	
0.847826	0.956522	0.264782	0	
0.869565	0.956522	0.232335	0	
0.891304	0.956522	0.201038	0	
0.913043	0.956522	0.170842	0	
0.934783	0.956522	0.141703	0	
0.956522	0.956522	0.113649	0	
0.978261	0.956522	0.0870221	0	
1	0.956522	0.0630565	1	
0	0.978261	0.584806	1	
0.0217391	0.978261	0.587861	0	
0.0434783	0.978261	0.591213	0	
0.0652174	0.978261	0.594234	0	
0.0869565	0.978261	0.597036	0	
0.108696	0.978261	0.599757	0	
0.130435	0.978261	0.602481	0	
0.152174	0.978261	0.605248	0	
0.173913	0.978261	0.608066	0	
0.195652	0.978261	0.610919	0	
0.217391	0.978261	0.613766	0	
0.23913	0.978261	0.616548	0	
0.26087	0.978261	0.61918	0	
0.282609	0.978261	0.62156	0	
0.304348	0.978261	0.623633	0	
0.326087	0.978261	0.625836	0	
0.347826	0.978261	0.627901	0	
0.369565	0.978261	0.627734	0	
0.391304	0.978261	0.626979	0	
0.413043	0.978261	0.625781	0	
0.434783	0.978261	0.624161	0	
0.456522	0.978261	0.622129	0	
0.478261	0.978261	0.619704	0	
0.5	0.978261	0.616913	0	
0.521739	0.978261	0.613796	0	
0.543478	0.978261	0.6104	0	
0.565217	0.978261	0.606781	0	
0.586957	0.978261	0.602996	0	
0.608696	0.978261	0.599108	0	
0.630435	0.978261	0.595162	0	
0.652174	0.978261	0.59112	0	
0.673913	0.978261	0.582813	0	
0.695652	0.978261	0.543389	0	
0.717391	0.978261	0.504565	0	
0.73913	0.978261	0.466253	0	
0.76087	0.978261	0.428624	0	
0.782609	0.978261	0.391848	0	
0.804348	0.978261	0.356052	0	
0.826087	0.978261	0.321319	0	
0.847826	0.978261	0.287688	0	
0.869565	0.978261	0.255152	0	
0.891304	0.978261	0.22366	0	
0.913043	0.978261	0.193095	0	
0.934783	0.978261	0.163258	0	
0.956522	0.978261	0.133846	0	
0.978261	0.978261	0.10462	0	
1	0.978261	0.0768184	1	
0	1	0.59559	1	
0.0217391	1	0.606377	1	
0.0434783	1	0.611643	1	
0.0652174	1	0.615219	1	
0.0869565	1	0.618213	1	
0.108696	1	0.621011	1	
0.130435	1	0.623767	1	
0.152174	1	0.626542	1	
0.173913	1	0.629353	1	
0.195652	1	0.632185	1	
0.217391	1	0.634998	1	
0.23913	1	0.637722	1	
0.26087	1	0.640243	1	
0.282609	1	0.642339	1	
0.304348	1	0.643442	1	
0.326087	1	0.64161	1	
0.347826	1	0.650233	1	
0.369565	1	0.649093	1	
0.391304	1	0.648118	1	
0.413043	1	0.646868	1	
0.434783	1	0.645239	1	
0.456522	1	0.643213	1	
0.478261	1	0.640801	1	
0.5	1	0.638029	1	
0.521739	1	0.634935	1	
0.543478	1	0.631567	1	
0.565217	1	0.627978	1	
0.586957	1	0.624232	1	
0.608696	1	0.620403	1	
0.630435	1	0.616611	1	
0.652174	1	0.613164	1	
0.673913	1	0.600985	1	
0.695652	1	0.56405	1	
0.717391	1	0.525886	1	
0.73913	1	0.487812	1	
0.76087	1	0.450303	1	
0.782609	1	0.4136	1	
0.804348	1	0.377848	1	
0.826087	1	0.343134	1	
0.847826	1	0.309497	1	
0.869565	1	0.276927	1	
0.891304	1	0.245355	1	
0.913043	1	0.214621	1	
0.934783	1	0.184386	1	
0.956522	1	0.153856	1	
0.978261	1	0.120795	1	
1	1	0.0775299	1	

