0	0	0	1	
0.0204082	0	0	1	
0.0408163	0	0	1	
0.0612245	0	0	1	
0.0816327	0	0	1	
0.102041	0	0	1	
0.122449	0	0	1	
0.142857	0	0	1	
0.163265	0	0	1	
0.183673	0	0	1	
0.204082	0	0	1	
0.22449	0	0	1	
0.244898	0	0	1	
0.265306	0	0	1	
0.285714	0	0	1	
0.306122	0	0	1	
0.326531	0	0	1	
0.346939	0	0	1	
0.367347	0	0	1	
0.387755	0	0	1	
0.408163	0	0	1	
0.428571	0	0	1	
0.44898	0	0	1	
0.469388	0	0	1	
0.489796	0	0	1	
0.510204	0	0	1	
0.530612	0	0	1	
0.55102	0	0	1	
0.571429	0	0	1	
0.591837	0	0	1	
0.612245	0	0	1	
0.632653	0	0	1	
0.653061	0	0	1	
0.673469	0	0	1	
0.693878	0	0	1	
0.714286	0	0	1	
0.734694	0	0	1	
0.755102	0	0	1	
0.77551	0	0	1	
0.795918	0	0	1	
0.816326	0	0	1	
0.836735	0	0	1	
0.857143	0	0	1	
0.877551	0	0	1	
0.897959	0	0	1	
0.918367	0	0	1	
0.938775	0	0	1	
0.959184	0	0	1	
0.979592	0	0	1	
1	0	0	1	
0	0.0204082	0.0117757	1	
0.0204082	0.0204082	0.0117457	0	
0.0408163	0.0204082	0.0116553	0	
0.0612245	0.0204082	0.0115033	0	
0.0816327	0.0204082	0.0112878	0	
0.102041	0.0204082	0.0110062	0	
0.122449	0.0204082	0.0106556	0	
0.142857	0.0204082	0.0102326	0	
0.163265	0.0204082	0.00973399	0	
0.183673	0.0204082	0.00915693	0	
0.204082	0.0204082	0.00849929	0	
0.22449	0.0204082	0.00776018	0	
0.244898	0.0204082	0.0069404	0	
0.265306	0.0204082	0.00604283	0	
0.285714	0.0204082	0.00507271	0	
0.306122	0.0204082	0.00403774	0	
0.326531	0.0204082	0.002948	0	
0.346939	0.0204082	0.00273043	0	
0.367347	0.0204082	0.00257683	0	
0.387755	0.0204082	0.00238593	0	
0.408163	0.0204082	0.00216142	0	
0.428571	0.0204082	0.0019079	0	
0.44898	0.0204082	0.0016306	0	
0.469388	0.0204082	0.00133518	0	
0.489796	0.0204082	0.00102752	0	
0.510204	0.0204082	0.000713607	0	
0.530612	0.0204082	0.000399375	0	
0.55102	0.0204082	9.0634e-05	0	
0.571429	0.0204082	-0.000207102	0	
0.591837	0.0204082	-0.000488732	0	
0.612245	0.0204082	-0.000749796	0	
0.632653	0.0204082	-0.00098668	0	
0.653061	0.0204082	-0.00119688	0	
0.673469	0.0204082	-0.00153597	0	
0.693878	0.0204082	-0.00333155	0	
0.714286	0.0204082	-0.00510423	0	
0.734694	0.0204082	-0.00686129	0	
0.755102	0.0204082	-0.0086132	0	
0.77551	0.0204082	-0.0103743	0	
0.795918	0.0204082	-0.0121639	0	
0.816326	0.0204082	-0.0140072	0	
0.836735	0.0204082	-0.0159378	0	
0.857143	0.0204082	-0.018001	0	
0.877551	0.0204082	-0.0202607	0	
0.897959	0.0204082	-0.0228123	0	
0.918367	0.0204082	-0.0258076	0	
0.938775	0.0204082	-0.0295125	0	
0.959184	0.0204082	-0.0344482	0	
0.979592	0.0204082	-0.0417806	0	
1	0.0204082	-0.0545345	1	
0	0.0408163	0.0236114	1	
0.0204082	0.0408163	0.0235518	0	
0.0408163	0.0408163	0.0233722	0	
0.0612245	0.0408163	0.0230701	0	
0.0816327	0.0408163	0.0226416	0	
0.102041	0.0408163	0.0220815	0	
0.122449	0.0408163	0.0213835	0	
0.142857	0.0408163	0.0205407	0	
0.163265	0.0408163	0.0195465	0	
0.183673	0.0408163	0.0183944	0	
0.204082	0.0408163	0.01708	0	
0.22449	0.0408163	0.015601	0	
0.244898	0.0408163	0.0139586	0	
0.265306	0.0408163	0.0121582	0	
0.285714	0.0408163	0.0102103	0	
0.306122	0.0408163	0.00813028	0	
0.326531	0.0408163	0.00593876	0	
0.346939	0.0408163	0.00550079	0	
0.367347	0.0408163	0.00519097	0	
0.387755	0.0408163	0.00480545	0	
0.408163	0.0408163	0.00435185	0	
0.428571	0.0408163	0.00383958	0	
0.44898	0.0408163	0.00327934	0	
0.469388	0.0408163	0.0026826	0	
0.489796	0.0408163	0.0020613	0	
0.510204	0.0408163	0.00142752	0	
0.530612	0.0408163	0.00079327	0	
0.55102	0.0408163	0.000170254	0	
0.571429	0.0408163	-0.000430303	0	
0.591837	0.0408163	-0.000998036	0	
0.612245	0.0408163	-0.00152377	0	
0.632653	0.0408163	-0.00200005	0	
0.653061	0.0408163	-0.00242164	0	
0.673469	0.0408163	-0.00309969	0	
0.693878	0.0408163	-0.00668602	0	
0.714286	0.0408163	-0.0102241	0	
0.734694	0.0408163	-0.0137277	0	
0.755102	0.0408163	-0.0172171	0	
0.77551	0.0408163	-0.0207202	0	
0.795918	0.0408163	-0.0242741	0	
0.816326	0.0408163	-0.0279272	0	
0.836735	0.0408163	-0.0317428	0	
0.857143	0.0408163	-0.0358053	0	
0.877551	0.0408163	-0.0402297	0	
0.897959	0.0408163	-0.0451808	0	
0.918367	0.0408163	-0.0509054	0	
0.938775	0.0408163	-0.0577945	0	
0.959184	0.0408163	-0.0664994	0	
0.979592	0.0408163	-0.0781397	0	
1	0.0408163	-0.0945766	1	
0	0.0612245	0.0355664	1	
0.0204082	0.0612245	0.035478	0	
0.0408163	0.0612245	0.0352116	0	
0.0612245	0.0612245	0.0347634	0	
0.0816327	0.0612245	0.0341271	0	
0.102041	0.0612245	0.0332947	0	
0.122449	0.0612245	0.0322561	0	
0.142857	0.0612245	0.0310005	0	
0.163265	0.0612245	0.0295167	0	
0.183673	0.0612245	0.0277944	0	
0.204082	0.0612245	0.0258254	0	
0.22449	0.0612245	0.0236053	0	
0.244898	0.0612245	0.0211348	0	
0.265306	0.0612245	0.0184212	0	
0.285714	0.0612245	0.0154799	0	
0.306122	0.0612245	0.0123344	0	
0.326531	0.0612245	0.00901642	0	
0.346939	0.0612245	0.00835226	0	
0.367347	0.0612245	0.00788082	0	
0.387755	0.0612245	0.00729305	0	
0.408163	0.0612245	0.00660095	0	
0.428571	0.0612245	0.00581926	0	
0.44898	0.0612245	0.00496456	0	
0.469388	0.0612245	0.00405458	0	
0.489796	0.0612245	0.00310756	0	
0.510204	0.0612245	0.00214192	0	
0.530612	0.0612245	0.00117591	0	
0.55102	0.0612245	0.000227432	0	
0.571429	0.0612245	-0.000686345	0	
0.591837	0.0612245	-0.00154933	0	
0.612245	0.0612245	-0.00234719	0	
0.632653	0.0612245	-0.00306811	0	
0.653061	0.0612245	-0.00370364	0	
0.673469	0.0612245	-0.00472059	0	
0.693878	0.0612245	-0.0100888	0	
0.714286	0.0612245	-0.0153783	0	
0.734694	0.0612245	-0.0206083	0	
0.755102	0.0612245	-0.0258074	0	
0.77551	0.0612245	-0.0310154	0	
0.795918	0.0612245	-0.0362851	0	
0.816326	0.0612245	-0.0416846	0	
0.836735	0.0612245	-0.0473012	0	
0.857143	0.0612245	-0.0532475	0	
0.877551	0.0612245	-0.059672	0	
0.897959	0.0612245	-0.0667757	0	
0.918367	0.0612245	-0.0748387	0	
0.938775	0.0612245	-0.0842605	0	
0.959184	0.0612245	-0.0956153	0	
0.979592	0.0612245	-0.109702	0	
1	0.0612245	-0.127493	1	
0	0.0816327	0.0476981	1	
0.0204082	0.0816327	0.0475823	0	
0.0408163	0.0816327	0.0472329	0	
0.0612245	0.0816327	0.0466447	0	
0.0816327	0.0816327	0.0458089	0	
0.102041	0.0816327	0.044714	0	
0.122449	0.0816327	0.0433458	0	
0.142857	0.0816327	0.0416885	0	
0.163265	0.0816327	0.0397254	0	
0.183673	0.0816327	0.037441	0	
0.204082	0.0816327	0.034822	0	
0.22449	0.0816327	0.0318601	0	
0.244898	0.0816327	0.028554	0	
0.265306	0.0816327	0.024912	0	
0.285714	0.0816327	0.0209536	0	
0.306122	0.0816327	0.0167109	0	
0.326531	0.0816327	0.0122281	0	
0.346939	0.0816327	0.0113286	0	
0.367347	0.0816327	0.010687	0	
0.387755	0.0816327	0.00988497	0	
0.408163	0.0816327	0.00893964	0	
0.428571	0.0816327	0.00787192	0	
0.44898	0.0816327	0.00670508	0	
0.469388	0.0816327	0.00546358	0	
0.489796	0.0816327	0.00417246	0	
0.510204	0.0816327	0.00285667	0	
0.530612	0.0816327	0.00154105	0	
0.55102	0.0816327	0.000249883	0	
0.571429	0.0816327	-0.000993163	0	
0.591837	0.0816327	-0.00216575	0	
0.612245	0.0816327	-0.00324755	0	
0.632653	0.0816327	-0.00422156	0	
0.653061	0.0816327	-0.0050753	0	
0.673469	0.0816327	-0.00643152	0	
0.693878	0.0816327	-0.0135701	0	
0.714286	0.0816327	-0.0205921	0	
0.734694	0.0816327	-0.0275198	0	
0.755102	0.0816327	-0.0343887	0	
0.77551	0.0816327	-0.0412487	0	
0.795918	0.0816327	-0.0481662	0	
0.816326	0.0816327	-0.0552248	0	
0.836735	0.0816327	-0.0625296	0	
0.857143	0.0816327	-0.0702114	0	
0.877551	0.0816327	-0.078435	0	
0.897959	0.0816327	-0.0874113	0	
0.918367	0.0816327	-0.097413	0	
0.938775	0.0816327	-0.108793	0	
0.959184	0.0816327	-0.122	0	
0.979592	0.0816327	-0.13756	0	
1	0.0816327	-0.155989	1	
0	0.102041	0.0600617	1	
0.0204082	0.102041	0.0599202	0	
0.0408163	0.102041	0.0594931	0	
0.0612245	0.102041	0.0587735	0	
0.0816327	0.102041	0.0577499	0	
0.102041	0.102041	0.0564068	0	
0.122449	0.102041	0.0547248	0	
0.142857	0.102041	0.0526822	0	
0.163265	0.102041	0.0502557	0	
0.183673	0.102041	0.0474222	0	
0.204082	0.102041	0.0441615	0	
0.22449	0.102041	0.0404591	0	
0.244898	0.102041	0.0363092	0	
0.265306	0.102041	0.0317191	0	
0.285714	0.102041	0.0267117	0	
0.306122	0.102041	0.0213277	0	
0.326531	0.102041	0.0156255	0	
0.346939	0.102041	0.0144777	0	
0.367347	0.102041	0.0136537	0	
0.387755	0.102041	0.0126202	0	
0.408163	0.102041	0.0114007	0	
0.428571	0.102041	0.0100237	0	
0.44898	0.102041	0.00852022	0	
0.469388	0.102041	0.00692225	0	
0.489796	0.102041	0.00526197	0	
0.510204	0.102041	0.00357131	0	
0.530612	0.102041	0.00188169	0	
0.55102	0.102041	0.000224248	0	
0.571429	0.102041	-0.00137047	0	
0.591837	0.102041	-0.00287293	0	
0.612245	0.102041	-0.00425573	0	
0.632653	0.102041	-0.00549527	0	
0.653061	0.102041	-0.0065738	0	
0.673469	0.102041	-0.0082707	0	
0.693878	0.102041	-0.0171682	0	
0.714286	0.102041	-0.0259001	0	
0.734694	0.102041	-0.0344901	0	
0.755102	0.102041	-0.0429786	0	
0.77551	0.102041	-0.0514247	0	
0.795918	0.102041	-0.0599059	0	
0.816326	0.102041	-0.0685189	0	
0.836735	0.102041	-0.0773811	0	
0.857143	0.102041	-0.0866334	0	
0.877551	0.102041	-0.0964453	0	
0.897959	0.102041	-0.107021	0	
0.918367	0.102041	-0.118608	0	
0.938775	0.102041	-0.1315	0	
0.959184	0.102041	-0.14603	0	
0.979592	0.102041	-0.162548	0	
1	0.102041	-0.181345	1	
0	0.122449	0.0727085	1	
0.0204082	0.122449	0.0725436	0	
0.0408163	0.122449	0.0720459	0	
0.0612245	0.122449	0.0712064	0	
0.0816327	0.122449	0.0700106	0	
0.102041	0.122449	0.0684383	0	
0.122449	0.122449	0.0664645	0	
0.142857	0.122449	0.0640599	0	
0.163265	0.122449	0.0611929	0	
0.183673	0.122449	0.0578306	0	
0.204082	0.122449	0.053943	0	
0.22449	0.122449	0.0495055	0	
0.244898	0.122449	0.0445048	0	
0.265306	0.122449	0.0389437	0	
0.285714	0.122449	0.0328464	0	
0.306122	0.122449	0.0262625	0	
0.326531	0.122449	0.0192675	0	
0.346939	0.122449	0.0178533	0	
0.367347	0.122449	0.01683	0	
0.387755	0.122449	0.0155412	0	
0.408163	0.122449	0.0140193	0	
0.428571	0.122449	0.0123021	0	
0.44898	0.122449	0.0104299	0	
0.469388	0.122449	0.00844318	0	
0.489796	0.122449	0.00638192	0	
0.510204	0.122449	0.00428486	0	
0.530612	0.122449	0.00219019	0	
0.55102	0.122449	0.000135859	0	
0.571429	0.122449	-0.00184003	0	
0.591837	0.122449	-0.00369977	0	
0.612245	0.122449	-0.00540715	0	
0.632653	0.122449	-0.00692999	0	
0.653061	0.122449	-0.00824316	0	
0.673469	0.122449	-0.010284	0	
0.693878	0.122449	-0.0209317	0	
0.714286	0.122449	-0.0313502	0	
0.734694	0.122449	-0.0415617	0	
0.755102	0.122449	-0.051611	0	
0.77551	0.122449	-0.0615655	0	
0.795918	0.122449	-0.0715138	0	
0.816326	0.122449	-0.0815638	0	
0.836735	0.122449	-0.0918423	0	
0.857143	0.122449	-0.102496	0	
0.877551	0.122449	-0.113691	0	
0.897959	0.122449	-0.125621	0	
0.918367	0.122449	-0.1385	0	
0.938775	0.122449	-0.152567	0	
0.959184	0.122449	-0.168074	0	
0.979592	0.122449	-0.185256	0	
1	0.122449	-0.204293	1	
0	0.142857	0.0856853	1	
0.0204082	0.142857	0.0855	0	
0.0408163	0.142857	0.0849405	0	
0.0612245	0.142857	0.0839958	0	
0.0816327	0.142857	0.0826478	0	
0.102041	0.142857	0.0808715	0	
0.122449	0.142857	0.0786349	0	
0.142857	0.142857	0.0759003	0	
0.163265	0.142857	0.0726252	0	
0.183673	0.142857	0.0687646	0	
0.204082	0.142857	0.0642742	0	
0.22449	0.142857	0.0591152	0	
0.244898	0.142857	0.0532608	0	
0.265306	0.142857	0.0467044	0	
0.285714	0.142857	0.0394678	0	
0.306122	0.142857	0.0316085	0	
0.326531	0.142857	0.0232226	0	
0.346939	0.142857	0.0215178	0	
0.367347	0.142857	0.0202718	0	
0.387755	0.142857	0.0186955	0	
0.408163	0.142857	0.0168332	0	
0.428571	0.142857	0.0147355	0	
0.44898	0.142857	0.0124539	0	
0.469388	0.142857	0.0100387	0	
0.489796	0.142857	0.00753764	0	
0.510204	0.142857	0.00499606	0	
0.530612	0.142857	0.00245831	0	
0.55102	0.142857	-3.09309e-05	0	
0.571429	0.142857	-0.00242578	0	
0.591837	0.142857	-0.00467893	0	
0.612245	0.142857	-0.00674313	0	
0.632653	0.142857	-0.00857438	0	
0.653061	0.142857	-0.0101369	0	
0.673469	0.142857	-0.0125283	0	
0.693878	0.142857	-0.0249244	0	
0.714286	0.142857	-0.0370073	0	
0.734694	0.142857	-0.0487954	0	
0.755102	0.142857	-0.0603381	0	
0.77551	0.142857	-0.0717126	0	
0.795918	0.142857	-0.0830199	0	
0.816326	0.142857	-0.09438	0	
0.836735	0.142857	-0.105929	0	
0.857143	0.142857	-0.117815	0	
0.877551	0.142857	-0.130204	0	
0.897959	0.142857	-0.14327	0	
0.918367	0.142857	-0.157202	0	
0.938775	0.142857	-0.172195	0	
0.959184	0.142857	-0.188441	0	
0.979592	0.142857	-0.206109	0	
1	0.142857	-0.225316	1	
0	0.163265	0.0990329	1	
0.0204082	0.163265	0.0988309	0	
0.0408163	0.163265	0.0982204	0	
0.0612245	0.163265	0.0971885	0	
0.0816327	0.163265	0.0957135	0	
0.102041	0.163265	0.093765	0	
0.122449	0.163265	0.0913035	0	
0.142857	0.163265	0.0882813	0	
0.163265	0.163265	0.0846433	0	
0.183673	0.163265	0.0803285	0	
0.204082	0.163265	0.0752741	0	
0.22449	0.163265	0.0694202	0	
0.244898	0.163265	0.062719	0	
0.265306	0.163265	0.0551455	0	
0.285714	0.163265	0.0467119	0	
0.306122	0.163265	0.037481	0	
0.326531	0.163265	0.027574	0	
0.346939	0.163265	0.0255452	0	
0.367347	0.163265	0.0240438	0	
0.387755	0.163265	0.0221356	0	
0.408163	0.163265	0.0198827	0	
0.428571	0.163265	0.0173526	0	
0.44898	0.163265	0.0146115	0	
0.469388	0.163265	0.0117202	0	
0.489796	0.163265	0.00873389	0	
0.510204	0.163265	0.00570339	0	
0.530612	0.163265	0.00267797	0	
0.55102	0.163265	-0.000292155	0	
0.571429	0.163265	-0.00315321	0	
0.591837	0.163265	-0.00584705	0	
0.612245	0.163265	-0.00831204	0	
0.632653	0.163265	-0.0104876	0	
0.653061	0.163265	-0.0123214	0	
0.673469	0.163265	-0.0150751	0	
0.693878	0.163265	-0.0292303	0	
0.714286	0.163265	-0.0429591	0	
0.734694	0.163265	-0.0562746	0	
0.755102	0.163265	-0.0692332	0	
0.77551	0.163265	-0.0819267	0	
0.795918	0.163265	-0.0944732	0	
0.816326	0.163265	-0.107008	0	
0.836735	0.163265	-0.119677	0	
0.857143	0.163265	-0.132634	0	
0.877551	0.163265	-0.146038	0	
0.897959	0.163265	-0.160052	0	
0.918367	0.163265	-0.174843	0	
0.938775	0.163265	-0.190571	0	
0.959184	0.163265	-0.207388	0	
0.979592	0.163265	-0.225421	0	
1	0.163265	-0.244755	1	
0	0.183673	0.112785	1	
0.0204082	0.183673	0.11257	0	
0.0408163	0.183673	0.111922	0	
0.0612245	0.183673	0.110824	0	
0.0816327	0.183673	0.109253	0	
0.102041	0.183673	0.107172	0	
0.122449	0.183673	0.104533	0	
0.142857	0.183673	0.101278	0	
0.163265	0.183673	0.0973381	0	
0.183673	0.183673	0.0926323	0	
0.204082	0.183673	0.0870735	0	
0.22449	0.183673	0.0805729	0	
0.244898	0.183673	0.0730496	0	
0.265306	0.183673	0.0644468	0	
0.285714	0.183673	0.0547535	0	
0.306122	0.183673	0.0440295	0	
0.326531	0.183673	0.032426	0	
0.346939	0.183673	0.0300262	0	
0.367347	0.183673	0.0282227	0	
0.387755	0.183673	0.0259205	0	
0.408163	0.183673	0.0232092	0	
0.428571	0.183673	0.0201808	0	
0.44898	0.183673	0.0169193	0	
0.469388	0.183673	0.0134968	0	
0.489796	0.183673	0.00997426	0	
0.510204	0.183673	0.00640571	0	
0.530612	0.183673	0.00284227	0	
0.55102	0.183673	-0.0006624	0	
0.571429	0.183673	-0.0040479	0	
0.591837	0.183673	-0.00724396	0	
0.612245	0.183673	-0.0101705	0	
0.632653	0.183673	-0.0127424	0	
0.653061	0.183673	-0.0148815	0	
0.673469	0.183673	-0.018018	0	
0.693878	0.183673	-0.0339627	0	
0.714286	0.183673	-0.0493241	0	
0.734694	0.183673	-0.0641107	0	
0.755102	0.183673	-0.0783931	0	
0.77551	0.183673	-0.0922879	0	
0.795918	0.183673	-0.105938	0	
0.816326	0.183673	-0.119501	0	
0.836735	0.183673	-0.133137	0	
0.857143	0.183673	-0.147004	0	
0.877551	0.183673	-0.161261	0	
0.897959	0.183673	-0.176059	0	
0.918367	0.183673	-0.191546	0	
0.938775	0.183673	-0.207858	0	
0.959184	0.183673	-0.225119	0	
0.979592	0.183673	-0.243431	0	
1	0.183673	-0.26286	1	
0	0.204082	0.126966	1	
0.0204082	0.204082	0.126744	0	
0.0408163	0.204082	0.126072	0	
0.0612245	0.204082	0.124934	0	
0.0816327	0.204082	0.123303	0	
0.102041	0.204082	0.121135	0	
0.122449	0.204082	0.118378	0	
0.142857	0.204082	0.114961	0	
0.163265	0.204082	0.110799	0	
0.183673	0.204082	0.105789	0	
0.204082	0.204082	0.099815	0	
0.22449	0.204082	0.0927482	0	
0.244898	0.204082	0.0844597	0	
0.265306	0.204082	0.0748388	0	
0.285714	0.204082	0.0638257	0	
0.306122	0.204082	0.0514577	0	
0.326531	0.204082	0.0379161	0	
0.346939	0.204082	0.035076	0	
0.367347	0.204082	0.0329003	0	
0.387755	0.204082	0.0301145	0	
0.408163	0.204082	0.0268528	0	
0.428571	0.204082	0.0232421	0	
0.44898	0.204082	0.0193882	0	
0.469388	0.204082	0.0153732	0	
0.489796	0.204082	0.0112607	0	
0.510204	0.204082	0.00710287	0	
0.530612	0.204082	0.00294785	0	
0.55102	0.204082	-0.00115186	0	
0.571429	0.204082	-0.00513202	0	
0.591837	0.204082	-0.00891042	0	
0.612245	0.204082	-0.0123834	0	
0.632653	0.204082	-0.0154301	0	
0.653061	0.204082	-0.0179287	0	
0.673469	0.204082	-0.0214834	0	
0.693878	0.204082	-0.0392782	0	
0.714286	0.204082	-0.0562641	0	
0.734694	0.204082	-0.0724507	0	
0.755102	0.204082	-0.0879407	0	
0.77551	0.204082	-0.102893	0	
0.795918	0.204082	-0.117491	0	
0.816326	0.204082	-0.131922	0	
0.836735	0.204082	-0.146364	0	
0.857143	0.204082	-0.160986	0	
0.877551	0.204082	-0.175943	0	
0.897959	0.204082	-0.191378	0	
0.918367	0.204082	-0.207422	0	
0.938775	0.204082	-0.224195	0	
0.959184	0.204082	-0.2418	0	
0.979592	0.204082	-0.260323	0	
1	0.204082	-0.279824	1	
0	0.22449	0.141591	1	
0.0204082	0.22449	0.141367	0	
0.0408163	0.22449	0.140689	0	
0.0612245	0.22449	0.139539	0	
0.0816327	0.22449	0.137888	0	
0.102041	0.22449	0.13569	0	
0.122449	0.22449	0.132883	0	
0.142857	0.22449	0.129389	0	
0.163265	0.22449	0.125107	0	
0.183673	0.22449	0.11991	0	
0.204082	0.22449	0.113649	0	
0.22449	0.22449	0.106146	0	
0.244898	0.22449	0.0972025	0	
0.265306	0.22449	0.0866229	0	
0.285714	0.22449	0.0742529	0	
0.306122	0.22449	0.0600597	0	
0.326531	0.22449	0.0442376	0	
0.346939	0.22449	0.0408479	0	
0.367347	0.22449	0.038188	0	
0.387755	0.22449	0.0347844	0	
0.408163	0.22449	0.0308454	0	
0.428571	0.22449	0.0265468	0	
0.44898	0.22449	0.022018	0	
0.469388	0.22449	0.017347	0	
0.489796	0.22449	0.0125927	0	
0.510204	0.22449	0.00779721	0	
0.530612	0.22449	0.00299809	0	
0.55102	0.22449	-0.00176082	0	
0.571429	0.22449	-0.00641796	0	
0.591837	0.22449	-0.0108822	0	
0.612245	0.22449	-0.0150227	0	
0.632653	0.22449	-0.018666	0	
0.653061	0.22449	-0.0216153	0	
0.673469	0.22449	-0.025651	0	
0.693878	0.22449	-0.0454029	0	
0.714286	0.22449	-0.0640033	0	
0.734694	0.22449	-0.081487	0	
0.755102	0.22449	-0.0980257	0	
0.77551	0.22449	-0.113853	0	
0.795918	0.22449	-0.129212	0	
0.816326	0.22449	-0.14433	0	
0.836735	0.22449	-0.159411	0	
0.857143	0.22449	-0.174632	0	
0.877551	0.22449	-0.190146	0	
0.897959	0.22449	-0.206087	0	
0.918367	0.22449	-0.222571	0	
0.938775	0.22449	-0.239699	0	
0.959184	0.22449	-0.257562	0	
0.979592	0.22449	-0.276238	0	
1	0.22449	-0.295787	1	
0	0.244898	0.156666	1	
0.0204082	0.244898	0.156445	0	
0.0408163	0.244898	0.155777	0	
0.0612245	0.244898	0.154645	0	
0.0816327	0.244898	0.153019	0	
0.102041	0.244898	0.150852	0	
0.122449	0.244898	0.148077	0	
0.142857	0.244898	0.144607	0	
0.163265	0.244898	0.140329	0	
0.183673	0.244898	0.135097	0	
0.204082	0.244898	0.128726	0	
0.22449	0.244898	0.120982	0	
0.244898	0.244898	0.111582	0	
0.265306	0.244898	0.100198	0	
0.285714	0.244898	0.0865036	0	
0.306122	0.244898	0.0702906	0	
0.326531	0.244898	0.0516875	0	
0.346939	0.244898	0.0475557	0	
0.367347	0.244898	0.0442196	0	
0.387755	0.244898	0.0399896	0	
0.408163	0.244898	0.0351975	0	
0.428571	0.244898	0.0300817	0	
0.44898	0.244898	0.02479	0	
0.469388	0.244898	0.0194043	0	
0.489796	0.244898	0.0139657	0	
0.510204	0.244898	0.00849518	0	
0.530612	0.244898	0.00300814	0	
0.55102	0.244898	-0.00247157	0	
0.571429	0.244898	-0.00789675	0	
0.591837	0.244898	-0.0131779	0	
0.612245	0.244898	-0.018159	0	
0.632653	0.244898	-0.0225958	0	
0.653061	0.244898	-0.0261605	0	
0.673469	0.244898	-0.0307961	0	
0.693878	0.244898	-0.0526789	0	
0.714286	0.244898	-0.0728592	0	
0.734694	0.244898	-0.091468	0	
0.755102	0.244898	-0.108822	0	
0.77551	0.244898	-0.125281	0	
0.795918	0.244898	-0.141172	0	
0.816326	0.244898	-0.156776	0	
0.836735	0.244898	-0.172319	0	
0.857143	0.244898	-0.187985	0	
0.877551	0.244898	-0.203923	0	
0.897959	0.244898	-0.220253	0	
0.918367	0.244898	-0.237074	0	
0.938775	0.244898	-0.254469	0	
0.959184	0.244898	-0.272512	0	
0.979592	0.244898	-0.291278	0	
1	0.244898	-0.310848	1	
0	0.265306	0.172185	1	
0.0204082	0.265306	0.17197	0	
0.0408163	0.265306	0.171328	0	
0.0612245	0.265306	0.170246	0	
0.0816327	0.265306	0.168693	0	
0.102041	0.265306	0.166622	0	
0.122449	0.265306	0.163965	0	
0.142857	0.265306	0.160632	0	
0.163265	0.265306	0.156504	0	
0.183673	0.265306	0.151423	0	
0.204082	0.265306	0.145175	0	
0.22449	0.265306	0.137476	0	
0.244898	0.265306	0.127946	0	
0.265306	0.265306	0.116082	0	
0.285714	0.265306	0.101273	0	
0.306122	0.265306	0.0829116	0	
0.326531	0.265306	0.0607863	0	
0.346939	0.265306	0.0555148	0	
0.367347	0.265306	0.0511449	0	
0.387755	0.265306	0.0457569	0	
0.408163	0.265306	0.0398733	0	
0.428571	0.265306	0.0337926	0	
0.44898	0.265306	0.0276561	0	
0.469388	0.265306	0.0215142	0	
0.489796	0.265306	0.0153708	0	
0.510204	0.265306	0.00920969	0	
0.530612	0.265306	0.00301083	0	
0.55102	0.265306	-0.00323682	0	
0.571429	0.265306	-0.00951962	0	
0.591837	0.265306	-0.0157735	0	
0.612245	0.265306	-0.0218398	0	
0.632653	0.265306	-0.0273976	0	
0.653061	0.265306	-0.0319001	0	
0.673469	0.265306	-0.0373865	0	
0.693878	0.265306	-0.0616574	0	
0.714286	0.265306	-0.0832866	0	
0.734694	0.265306	-0.102703	0	
0.755102	0.265306	-0.120515	0	
0.77551	0.265306	-0.137275	0	
0.795918	0.265306	-0.15342	0	
0.816326	0.265306	-0.169282	0	
0.836735	0.265306	-0.185103	0	
0.857143	0.265306	-0.201066	0	
0.877551	0.265306	-0.217307	0	
0.897959	0.265306	-0.233928	0	
0.918367	0.265306	-0.251003	0	
0.938775	0.265306	-0.26859	0	
0.959184	0.265306	-0.286738	0	
0.979592	0.265306	-0.305514	0	
1	0.265306	-0.325048	1	
0	0.285714	0.188133	1	
0.0204082	0.285714	0.187922	0	
0.0408163	0.285714	0.187319	0	
0.0612245	0.285714	0.186318	0	
0.0816327	0.285714	0.184886	0	
0.102041	0.285714	0.182978	0	
0.122449	0.285714	0.180529	0	
0.142857	0.285714	0.177453	0	
0.163265	0.285714	0.173634	0	
0.183673	0.285714	0.168915	0	
0.204082	0.285714	0.163075	0	
0.22449	0.285714	0.155803	0	
0.244898	0.285714	0.146643	0	
0.265306	0.285714	0.134912	0	
0.285714	0.285714	0.119596	0	
0.306122	0.285714	0.0992967	0	
0.326531	0.285714	0.0726323	0	
0.346939	0.285714	0.0652039	0	
0.367347	0.285714	0.0590884	0	
0.387755	0.285714	0.0520199	0	
0.408163	0.285714	0.0447461	0	
0.428571	0.285714	0.0375593	0	
0.44898	0.285714	0.0305277	0	
0.469388	0.285714	0.0236257	0	
0.489796	0.285714	0.0167935	0	
0.510204	0.285714	0.00996192	0	
0.530612	0.285714	0.00306234	0	
0.55102	0.285714	-0.00396694	0	
0.571429	0.285714	-0.0111714	0	
0.591837	0.285714	-0.0185568	0	
0.612245	0.285714	-0.0260289	0	
0.632653	0.285714	-0.0332547	0	
0.653061	0.285714	-0.0393866	0	
0.673469	0.285714	-0.0463385	0	
0.693878	0.285714	-0.0732777	0	
0.714286	0.285714	-0.0959264	0	
0.734694	0.285714	-0.115543	0	
0.755102	0.285714	-0.13326	0	
0.77551	0.285714	-0.149883	0	
0.795918	0.285714	-0.165953	0	
0.816326	0.285714	-0.181827	0	
0.836735	0.285714	-0.197745	0	
0.857143	0.285714	-0.21387	0	
0.877551	0.285714	-0.230312	0	
0.897959	0.285714	-0.247147	0	
0.918367	0.285714	-0.264421	0	
0.938775	0.285714	-0.282151	0	
0.959184	0.285714	-0.300335	0	
0.979592	0.285714	-0.318991	0	
1	0.285714	-0.338317	1	
0	0.306122	0.204503	1	
0.0204082	0.306122	0.204266	0	
0.0408163	0.306122	0.20371	0	
0.0612245	0.306122	0.202819	0	
0.0816327	0.306122	0.201556	0	
0.102041	0.306122	0.199875	0	
0.122449	0.306122	0.197721	0	
0.142857	0.306122	0.195018	0	
0.163265	0.306122	0.191666	0	
0.183673	0.306122	0.187527	0	
0.204082	0.306122	0.182407	0	
0.22449	0.306122	0.176018	0	
0.244898	0.306122	0.16791	0	
0.265306	0.306122	0.157327	0	
0.285714	0.306122	0.142901	0	
0.306122	0.306122	0.122048	0	
0.326531	0.306122	0.090155	0	
0.346939	0.306122	0.0772813	0	
0.367347	0.306122	0.067985	0	
0.387755	0.306122	0.0584882	0	
0.408163	0.306122	0.049532	0	
0.428571	0.306122	0.0411707	0	
0.44898	0.306122	0.0332696	0	
0.469388	0.306122	0.0256674	0	
0.489796	0.306122	0.0182157	0	
0.510204	0.306122	0.0107821	0	
0.530612	0.306122	0.00324355	0	
0.55102	0.306122	-0.00452186	0	
0.571429	0.306122	-0.0126424	0	
0.591837	0.306122	-0.0212531	0	
0.612245	0.306122	-0.0304646	0	
0.632653	0.306122	-0.0402055	0	
0.653061	0.306122	-0.0495891	0	
0.673469	0.306122	-0.0598089	0	
0.693878	0.306122	-0.0891884	0	
0.714286	0.306122	-0.111598	0	
0.734694	0.306122	-0.130283	0	
0.755102	0.306122	-0.147097	0	
0.77551	0.306122	-0.163044	0	
0.795918	0.306122	-0.178681	0	
0.816326	0.306122	-0.194329	0	
0.836735	0.306122	-0.210181	0	
0.857143	0.306122	-0.226355	0	
0.877551	0.306122	-0.242924	0	
0.897959	0.306122	-0.259928	0	
0.918367	0.306122	-0.277381	0	
0.938775	0.306122	-0.295257	0	
0.959184	0.306122	-0.313459	0	
0.979592	0.306122	-0.331796	0	
1	0.306122	-0.350237	1	
0	0.326531	0.22135	1	
0.0204082	0.326531	0.220928	0	
0.0408163	0.326531	0.220437	0	
0.0612245	0.326531	0.219694	0	
0.0816327	0.326531	0.218643	0	
0.102041	0.326531	0.217247	0	
0.122449	0.326531	0.215462	0	
0.142857	0.326531	0.213232	0	
0.163265	0.326531	0.210484	0	
0.183673	0.326531	0.207121	0	
0.204082	0.326531	0.203008	0	
0.22449	0.326531	0.197952	0	
0.244898	0.326531	0.191654	0	
0.265306	0.326531	0.183585	0	
0.285714	0.326531	0.172632	0	
0.306122	0.326531	0.155838	0	
0.326531	0.326531	0.123243	0	
0.346939	0.326531	0.0919653	0	
0.367347	0.326531	0.077082	0	
0.387755	0.326531	0.0644158	0	
0.408163	0.326531	0.0537231	0	
0.428571	0.326531	0.0443218	0	
0.44898	0.326531	0.0357126	0	
0.469388	0.326531	0.0275586	0	
0.489796	0.326531	0.0196199	0	
0.510204	0.326531	0.0117073	0	
0.530612	0.326531	0.00365161	0	
0.55102	0.326531	-0.00472166	0	
0.571429	0.326531	-0.0136232	0	
0.591837	0.326531	-0.0233487	0	
0.612245	0.326531	-0.0343706	0	
0.632653	0.326531	-0.0475139	0	
0.653061	0.326531	-0.0642181	0	
0.673469	0.326531	-0.084011	0	
0.693878	0.326531	-0.112069	0	
0.714286	0.326531	-0.130994	0	
0.734694	0.326531	-0.146895	0	
0.755102	0.326531	-0.161801	0	
0.77551	0.326531	-0.176515	0	
0.795918	0.326531	-0.191397	0	
0.816326	0.326531	-0.206627	0	
0.836735	0.326531	-0.222294	0	
0.857143	0.326531	-0.238445	0	
0.877551	0.326531	-0.255099	0	
0.897959	0.326531	-0.27226	0	
0.918367	0.326531	-0.289919	0	
0.938775	0.326531	-0.308034	0	
0.959184	0.326531	-0.326449	0	
0.979592	0.326531	-0.344499	0	
1	0.326531	-0.359036	1	
0	0.346939	0.224057	1	
0.0204082	0.346939	0.22399	0	
0.0408163	0.346939	0.223592	0	
0.0612245	0.346939	0.222901	0	
0.0816327	0.346939	0.221907	0	
0.102041	0.346939	0.220582	0	
0.122449	0.346939	0.218889	0	
0.142857	0.346939	0.216779	0	
0.163265	0.346939	0.214185	0	
0.183673	0.346939	0.211024	0	
0.204082	0.346939	0.207182	0	
0.22449	0.346939	0.202505	0	
0.244898	0.346939	0.196776	0	
0.265306	0.346939	0.18967	0	
0.285714	0.346939	0.180693	0	
0.306122	0.346939	0.169164	0	
0.326531	0.346939	0.154828	0	
0.346939	0.346939	0.123518	0	
0.367347	0.346939	0.0901959	0	
0.387755	0.346939	0.0721433	0	
0.408163	0.346939	0.0593473	0	
0.428571	0.346939	0.0488273	0	
0.44898	0.346939	0.0394507	0	
0.469388	0.346939	0.0306644	0	
0.489796	0.346939	0.0221327	0	
0.510204	0.346939	0.0136104	0	
0.530612	0.346939	0.0048844	0	
0.55102	0.346939	-0.00426855	0	
0.571429	0.346939	-0.0141331	0	
0.591837	0.346939	-0.0251552	0	
0.612245	0.346939	-0.0381942	0	
0.632653	0.346939	-0.0552983	0	
0.653061	0.346939	-0.0824728	0	
0.673469	0.346939	-0.102427	0	
0.693878	0.346939	-0.120379	0	
0.714286	0.346939	-0.135896	0	
0.734694	0.346939	-0.150367	0	
0.755102	0.346939	-0.164563	0	
0.77551	0.346939	-0.178887	0	
0.795918	0.346939	-0.193552	0	
0.816326	0.346939	-0.208663	0	
0.836735	0.346939	-0.224277	0	
0.857143	0.346939	-0.240414	0	
0.877551	0.346939	-0.257082	0	
0.897959	0.346939	-0.274277	0	
0.918367	0.346939	-0.291992	0	
0.938775	0.346939	-0.310221	0	
0.959184	0.346939	-0.328977	0	
0.979592	0.346939	-0.348404	0	
1	0.346939	-0.369408	1	
0	0.367347	0.226067	1	
0.0204082	0.367347	0.225955	0	
0.0408163	0.367347	0.225577	0	
0.0612245	0.367347	0.224924	0	
0.0816327	0.367347	0.223983	0	
0.102041	0.367347	0.222729	0	
0.122449	0.367347	0.22113	0	
0.142857	0.367347	0.21914	0	
0.163265	0.367347	0.216704	0	
0.183673	0.367347	0.213749	0	
0.204082	0.367347	0.210187	0	
0.22449	0.367347	0.205905	0	
0.244898	0.367347	0.200764	0	
0.265306	0.367347	0.194607	0	
0.285714	0.367347	0.187296	0	
0.306122	0.367347	0.17888	0	
0.326531	0.367347	0.170089	0	
0.346939	0.367347	0.157229	0	
0.367347	0.367347	0.124149	0	
0.387755	0.367347	0.101503	0	
0.408163	0.367347	0.0845905	0	
0.428571	0.367347	0.0707489	0	
0.44898	0.367347	0.058535	0	
0.469388	0.367347	0.0471102	0	
0.489796	0.367347	0.0359294	0	
0.510204	0.367347	0.0245871	0	
0.530612	0.367347	0.0127321	0	
0.55102	0.367347	2.74126e-06	0	
0.571429	0.367347	-0.0140442	0	
0.591837	0.367347	-0.0300488	0	
0.612245	0.367347	-0.0490605	0	
0.632653	0.367347	-0.0729374	0	
0.653061	0.367347	-0.104889	0	
0.673469	0.367347	-0.116073	0	
0.693878	0.367347	-0.127021	0	
0.714286	0.367347	-0.139481	0	
0.734694	0.367347	-0.152509	0	
0.755102	0.367347	-0.165972	0	
0.77551	0.367347	-0.179904	0	
0.795918	0.367347	-0.194356	0	
0.816326	0.367347	-0.209358	0	
0.836735	0.367347	-0.224921	0	
0.857143	0.367347	-0.241046	0	
0.877551	0.367347	-0.257724	0	
0.897959	0.367347	-0.274944	0	
0.918367	0.367347	-0.292695	0	
0.938775	0.367347	-0.310975	0	
0.959184	0.367347	-0.329797	0	
0.979592	0.367347	-0.349212	0	
1	0.367347	-0.369264	1	
0	0.387755	0.2283	1	
0.0204082	0.387755	0.228187	0	
0.0408163	0.387755	0.227835	0	
0.0612245	0.387755	0.227235	0	
0.0816327	0.387755	0.226371	0	
0.102041	0.387755	0.225222	0	
0.122449	0.387755	0.22376	0	
0.142857	0.387755	0.221948	0	
0.163265	0.387755	0.21974	0	
0.183673	0.387755	0.217082	0	
0.204082	0.387755	0.213912	0	
0.22449	0.387755	0.210162	0	
0.244898	0.387755	0.205768	0	
0.265306	0.387755	0.200696	0	
0.285714	0.387755	0.195005	0	
0.306122	0.387755	0.188971	0	
0.326531	0.387755	0.18333	0	
0.346939	0.387755	0.17588	0	
0.367347	0.387755	0.147667	0	
0.387755	0.387755	0.12513	0	
0.408163	0.387755	0.106763	0	
0.428571	0.387755	0.0910427	0	
0.44898	0.387755	0.0768302	0	
0.469388	0.387755	0.0633121	0	
0.489796	0.387755	0.0498875	0	
0.510204	0.387755	0.0360767	0	
0.530612	0.387755	0.021454	0	
0.55102	0.387755	0.0055917	0	
0.571429	0.387755	-0.0119979	0	
0.591837	0.387755	-0.031935	0	
0.612245	0.387755	-0.0550614	0	
0.632653	0.387755	-0.0825021	0	
0.653061	0.387755	-0.115478	0	
0.673469	0.387755	-0.124077	0	
0.693878	0.387755	-0.13215	0	
0.714286	0.387755	-0.142498	0	
0.734694	0.387755	-0.154219	0	
0.755102	0.387755	-0.16691	0	
0.77551	0.387755	-0.180401	0	
0.795918	0.387755	-0.19461	0	
0.816326	0.387755	-0.20949	0	
0.836735	0.387755	-0.225005	0	
0.857143	0.387755	-0.241126	0	
0.877551	0.387755	-0.257824	0	
0.897959	0.387755	-0.275079	0	
0.918367	0.387755	-0.29287	0	
0.938775	0.387755	-0.311186	0	
0.959184	0.387755	-0.330025	0	
0.979592	0.387755	-0.349383	0	
1	0.387755	-0.369224	1	
0	0.408163	0.23076	1	
0.0204082	0.408163	0.230657	0	
0.0408163	0.408163	0.230343	0	
0.0612245	0.408163	0.229809	0	
0.0816327	0.408163	0.229044	0	
0.102041	0.408163	0.228029	0	
0.122449	0.408163	0.226741	0	
0.142857	0.408163	0.225151	0	
0.163265	0.408163	0.223226	0	
0.183673	0.408163	0.220928	0	
0.204082	0.408163	0.218218	0	
0.22449	0.408163	0.215063	0	
0.244898	0.408163	0.211449	0	
0.265306	0.408163	0.207407	0	
0.285714	0.408163	0.203055	0	
0.306122	0.408163	0.198671	0	
0.326531	0.408163	0.194754	0	
0.346939	0.408163	0.189427	0	
0.367347	0.408163	0.165507	0	
0.387755	0.408163	0.144588	0	
0.408163	0.408163	0.126288	0	
0.428571	0.408163	0.109829	0	
0.44898	0.408163	0.0944312	0	
0.469388	0.408163	0.0794205	0	
0.489796	0.408163	0.0642318	0	
0.510204	0.408163	0.0483783	0	
0.530612	0.408163	0.0314155	0	
0.55102	0.408163	0.012908	0	
0.571429	0.408163	-0.00760398	0	
0.591837	0.408163	-0.0306318	0	
0.612245	0.408163	-0.0567479	0	
0.632653	0.408163	-0.0865311	0	
0.653061	0.408163	-0.120341	0	
0.673469	0.408163	-0.128148	0	
0.693878	0.408163	-0.135004	0	
0.714286	0.408163	-0.144142	0	
0.734694	0.408163	-0.154956	0	
0.755102	0.408163	-0.16705	0	
0.77551	0.408163	-0.18018	0	
0.795918	0.408163	-0.194194	0	
0.816326	0.408163	-0.208987	0	
0.836735	0.408163	-0.224484	0	
0.857143	0.408163	-0.240627	0	
0.877551	0.408163	-0.25737	0	
0.897959	0.408163	-0.274677	0	
0.918367	0.408163	-0.292519	0	
0.938775	0.408163	-0.310876	0	
0.959184	0.408163	-0.329732	0	
0.979592	0.408163	-0.349071	0	
1	0.408163	-0.368865	1	
0	0.428571	0.233426	1	
0.0204082	0.428571	0.233337	0	
0.0408163	0.428571	0.233069	0	
0.0612245	0.428571	0.232616	0	
0.0816327	0.428571	0.231967	0	
0.102041	0.428571	0.231108	0	
0.122449	0.428571	0.230023	0	
0.142857	0.428571	0.22869	0	
0.163265	0.428571	0.227086	0	
0.183673	0.428571	0.225185	0	
0.204082	0.428571	0.222968	0	
0.22449	0.428571	0.220423	0	
0.244898	0.428571	0.217559	0	
0.265306	0.428571	0.214426	0	
0.285714	0.428571	0.211138	0	
0.306122	0.428571	0.207902	0	
0.326531	0.428571	0.205016	0	
0.346939	0.428571	0.200823	0	
0.367347	0.428571	0.180348	0	
0.387755	0.428571	0.161428	0	
0.408163	0.428571	0.143971	0	
0.428571	0.428571	0.127555	0	
0.44898	0.428571	0.111645	0	
0.469388	0.428571	0.095707	0	
0.489796	0.428571	0.0792411	0	
0.510204	0.428571	0.0617891	0	
0.530612	0.428571	0.0429221	0	
0.55102	0.428571	0.0222286	0	
0.571429	0.428571	-0.000694313	0	
0.591837	0.428571	-0.02624	0	
0.612245	0.428571	-0.0547674	0	
0.632653	0.428571	-0.0865332	0	
0.653061	0.428571	-0.121551	0	
0.673469	0.428571	-0.129206	0	
0.693878	0.428571	-0.135574	0	
0.714286	0.428571	-0.144111	0	
0.734694	0.428571	-0.154414	0	
0.755102	0.428571	-0.166153	0	
0.77551	0.428571	-0.179077	0	
0.795918	0.428571	-0.192998	0	
0.816326	0.428571	-0.207779	0	
0.836735	0.428571	-0.223316	0	
0.857143	0.428571	-0.239528	0	
0.877551	0.428571	-0.256351	0	
0.897959	0.428571	-0.273739	0	
0.918367	0.428571	-0.291654	0	
0.938775	0.428571	-0.310067	0	
0.959184	0.428571	-0.328957	0	
0.979592	0.428571	-0.348305	0	
1	0.428571	-0.368092	1	
0	0.44898	0.236268	1	
0.0204082	0.44898	0.236197	0	
0.0408163	0.44898	0.235982	0	
0.0612245	0.44898	0.235618	0	
0.0816327	0.44898	0.235099	0	
0.102041	0.44898	0.234415	0	
0.122449	0.44898	0.233553	0	
0.142857	0.44898	0.2325	0	
0.163265	0.44898	0.231241	0	
0.183673	0.44898	0.22976	0	
0.204082	0.44898	0.228047	0	
0.22449	0.44898	0.226101	0	
0.244898	0.44898	0.223937	0	
0.265306	0.44898	0.221599	0	
0.285714	0.44898	0.219171	0	
0.306122	0.44898	0.216782	0	
0.326531	0.44898	0.214598	0	
0.346939	0.44898	0.211182	0	
0.367347	0.44898	0.193636	0	
0.387755	0.44898	0.176805	0	
0.408163	0.44898	0.160613	0	
0.428571	0.44898	0.144774	0	
0.44898	0.44898	0.128888	0	
0.469388	0.44898	0.112521	0	
0.489796	0.44898	0.0952368	0	
0.510204	0.44898	0.076615	0	
0.530612	0.44898	0.056255	0	
0.55102	0.44898	0.0337787	0	
0.571429	0.44898	0.00883799	0	
0.591837	0.44898	-0.0188662	0	
0.612245	0.44898	-0.0495486	0	
0.632653	0.44898	-0.0832831	0	
0.653061	0.44898	-0.119928	0	
0.673469	0.44898	-0.127724	0	
0.693878	0.44898	-0.133977	0	
0.714286	0.44898	-0.142311	0	
0.734694	0.44898	-0.152437	0	
0.755102	0.44898	-0.164073	0	
0.77551	0.44898	-0.176974	0	
0.795918	0.44898	-0.190942	0	
0.816326	0.44898	-0.205817	0	
0.836735	0.44898	-0.221474	0	
0.857143	0.44898	-0.237816	0	
0.877551	0.44898	-0.254769	0	
0.897959	0.44898	-0.272275	0	
0.918367	0.44898	-0.29029	0	
0.938775	0.44898	-0.308781	0	
0.959184	0.44898	-0.327724	0	
0.979592	0.44898	-0.3471	0	
1	0.44898	-0.366894	1	
0	0.469388	0.239253	1	
0.0204082	0.469388	0.239201	0	
0.0408163	0.469388	0.239043	0	
0.0612245	0.469388	0.238776	0	
0.0816327	0.469388	0.238396	0	
0.102041	0.469388	0.237899	0	
0.122449	0.469388	0.237275	0	
0.142857	0.469388	0.236517	0	
0.163265	0.469388	0.235617	0	
0.183673	0.469388	0.234566	0	
0.204082	0.469388	0.233359	0	
0.22449	0.469388	0.231997	0	
0.244898	0.469388	0.23049	0	
0.265306	0.469388	0.228864	0	
0.285714	0.469388	0.227164	0	
0.306122	0.469388	0.225458	0	
0.326531	0.469388	0.22382	0	
0.346939	0.469388	0.221045	0	
0.367347	0.469388	0.206209	0	
0.387755	0.469388	0.191541	0	
0.408163	0.469388	0.176904	0	
0.428571	0.469388	0.16204	0	
0.44898	0.469388	0.146613	0	
0.469388	0.469388	0.130252	0	
0.489796	0.469388	0.11257	0	
0.510204	0.469388	0.0931791	0	
0.530612	0.469388	0.0717045	0	
0.55102	0.469388	0.0477931	0	
0.571429	0.469388	0.0211337	0	
0.591837	0.469388	-0.00851406	0	
0.612245	0.469388	-0.0412774	0	
0.632653	0.469388	-0.0771225	0	
0.653061	0.469388	-0.115811	0	
0.673469	0.469388	-0.123931	0	
0.693878	0.469388	-0.130299	0	
0.714286	0.469388	-0.13872	0	
0.734694	0.469388	-0.14895	0	
0.755102	0.469388	-0.160726	0	
0.77551	0.469388	-0.173806	0	
0.795918	0.469388	-0.187979	0	
0.816326	0.469388	-0.203072	0	
0.836735	0.469388	-0.218946	0	
0.857143	0.469388	-0.235494	0	
0.877551	0.469388	-0.252633	0	
0.897959	0.469388	-0.270301	0	
0.918367	0.469388	-0.288449	0	
0.938775	0.469388	-0.307044	0	
0.959184	0.469388	-0.326059	0	
0.979592	0.469388	-0.345476	0	
1	0.469388	-0.365283	1	
0	0.489796	0.242343	1	
0.0204082	0.489796	0.242311	0	
0.0408163	0.489796	0.242212	0	
0.0612245	0.489796	0.242046	0	
0.0816327	0.489796	0.241812	0	
0.102041	0.489796	0.241508	0	
0.122449	0.489796	0.24113	0	
0.142857	0.489796	0.240677	0	
0.163265	0.489796	0.240144	0	
0.183673	0.489796	0.239528	0	
0.204082	0.489796	0.238827	0	
0.22449	0.489796	0.238038	0	
0.244898	0.489796	0.237161	0	
0.265306	0.489796	0.236201	0	
0.285714	0.489796	0.235165	0	
0.306122	0.489796	0.234065	0	
0.326531	0.489796	0.232911	0	
0.346939	0.489796	0.230737	0	
0.367347	0.489796	0.218612	0	
0.387755	0.489796	0.206248	0	
0.408163	0.489796	0.193423	0	
0.428571	0.489796	0.179867	0	
0.44898	0.489796	0.165273	0	
0.469388	0.489796	0.149306	0	
0.489796	0.489796	0.131611	0	
0.510204	0.489796	0.111827	0	
0.530612	0.489796	0.089591	0	
0.55102	0.489796	0.0645557	0	
0.571429	0.489796	0.0364176	0	
0.591837	0.489796	0.00495393	0	
0.612245	0.489796	-0.0299243	0	
0.632653	0.489796	-0.0681187	0	
0.653061	0.489796	-0.109303	0	
0.673469	0.489796	-0.117902	0	
0.693878	0.489796	-0.124566	0	
0.714286	0.489796	-0.133322	0	
0.734694	0.489796	-0.143916	0	
0.755102	0.489796	-0.156077	0	
0.77551	0.489796	-0.169545	0	
0.795918	0.489796	-0.184096	0	
0.816326	0.489796	-0.199545	0	
0.836735	0.489796	-0.215744	0	
0.857143	0.489796	-0.232581	0	
0.877551	0.489796	-0.24997	0	
0.897959	0.489796	-0.267846	0	
0.918367	0.489796	-0.286163	0	
0.938775	0.489796	-0.304887	0	
0.959184	0.489796	-0.323992	0	
0.979592	0.489796	-0.343462	0	
1	0.489796	-0.363286	1	
0	0.510204	0.245499	1	
0.0204082	0.510204	0.245486	0	
0.0408163	0.510204	0.245448	0	
0.0612245	0.510204	0.245385	0	
0.0816327	0.510204	0.245299	0	
0.102041	0.510204	0.24519	0	
0.122449	0.510204	0.245062	0	
0.142857	0.510204	0.244916	0	
0.163265	0.510204	0.244754	0	
0.183673	0.510204	0.244576	0	
0.204082	0.510204	0.244382	0	
0.22449	0.510204	0.244166	0	
0.244898	0.510204	0.243916	0	
0.265306	0.510204	0.243614	0	
0.285714	0.510204	0.24323	0	
0.306122	0.510204	0.242725	0	
0.326531	0.510204	0.242051	0	
0.346939	0.510204	0.240498	0	
0.367347	0.510204	0.231256	0	
0.387755	0.510204	0.221415	0	
0.408163	0.510204	0.210671	0	
0.428571	0.510204	0.198733	0	
0.44898	0.510204	0.185307	0	
0.469388	0.510204	0.170086	0	
0.489796	0.510204	0.152743	0	
0.510204	0.510204	0.132928	0	
0.530612	0.510204	0.110276	0	
0.55102	0.510204	0.0844212	0	
0.571429	0.510204	0.0550268	0	
0.591837	0.510204	0.0218367	0	
0.612245	0.510204	-0.0152551	0	
0.632653	0.510204	-0.0561246	0	
0.653061	0.510204	-0.100353	0	
0.673469	0.510204	-0.109596	0	
0.693878	0.510204	-0.116742	0	
0.714286	0.510204	-0.126084	0	
0.734694	0.510204	-0.137316	0	
0.755102	0.510204	-0.150119	0	
0.77551	0.510204	-0.164201	0	
0.795918	0.510204	-0.179316	0	
0.816326	0.510204	-0.195267	0	
0.836735	0.510204	-0.211905	0	
0.857143	0.510204	-0.229116	0	
0.877551	0.510204	-0.246818	0	
0.897959	0.510204	-0.26495	0	
0.918367	0.510204	-0.28347	0	
0.938775	0.510204	-0.302347	0	
0.959184	0.510204	-0.32156	0	
0.979592	0.510204	-0.341093	0	
1	0.510204	-0.360938	1	
0	0.530612	0.24868	1	
0.0204082	0.530612	0.248687	0	
0.0408163	0.530612	0.248709	0	
0.0612245	0.530612	0.248747	0	
0.0816327	0.530612	0.248807	0	
0.102041	0.530612	0.248893	0	
0.122449	0.530612	0.249012	0	
0.142857	0.530612	0.249171	0	
0.163265	0.530612	0.249379	0	
0.183673	0.530612	0.249641	0	
0.204082	0.530612	0.249959	0	
0.22449	0.530612	0.250327	0	
0.244898	0.530612	0.250724	0	
0.265306	0.530612	0.25111	0	
0.285714	0.530612	0.251417	0	
0.306122	0.530612	0.251553	0	
0.326531	0.530612	0.251404	0	
0.346939	0.530612	0.250537	0	
0.367347	0.530612	0.2445	0	
0.387755	0.530612	0.237485	0	
0.408163	0.530612	0.229115	0	
0.428571	0.530612	0.219088	0	
0.44898	0.530612	0.207136	0	
0.469388	0.530612	0.192989	0	
0.489796	0.530612	0.176346	0	
0.510204	0.530612	0.156866	0	
0.530612	0.530612	0.134165	0	
0.55102	0.530612	0.107826	0	
0.571429	0.530612	0.0774316	0	
0.591837	0.530612	0.0426215	0	
0.612245	0.530612	0.00319181	0	
0.632653	0.530612	-0.0407722	0	
0.653061	0.530612	-0.0887583	0	
0.673469	0.530612	-0.098862	0	
0.693878	0.530612	-0.106724	0	
0.714286	0.530612	-0.116957	0	
0.734694	0.530612	-0.129145	0	
0.755102	0.530612	-0.142882	0	
0.77551	0.530612	-0.157824	0	
0.795918	0.530612	-0.173699	0	
0.816326	0.530612	-0.190304	0	
0.836735	0.530612	-0.207493	0	
0.857143	0.530612	-0.225161	0	
0.877551	0.530612	-0.243236	0	
0.897959	0.530612	-0.261667	0	
0.918367	0.530612	-0.280421	0	
0.938775	0.530612	-0.299473	0	
0.959184	0.530612	-0.318807	0	
0.979592	0.530612	-0.338412	0	
1	0.530612	-0.358281	1	
0	0.55102	0.251847	1	
0.0204082	0.55102	0.251873	0	
0.0408163	0.55102	0.251953	0	
0.0612245	0.55102	0.252089	0	
0.0816327	0.55102	0.252289	0	
0.102041	0.55102	0.252562	0	
0.122449	0.55102	0.25292	0	
0.142857	0.55102	0.253378	0	
0.163265	0.55102	0.25395	0	
0.183673	0.55102	0.25465	0	
0.204082	0.55102	0.255487	0	
0.22449	0.55102	0.256459	0	
0.244898	0.55102	0.257542	0	
0.265306	0.55102	0.258683	0	
0.285714	0.55102	0.259777	0	
0.306122	0.55102	0.260665	0	
0.326531	0.55102	0.261144	0	
0.346939	0.55102	0.261081	0	
0.367347	0.55102	0.258724	0	
0.387755	0.55102	0.25491	0	
0.408163	0.55102	0.249215	0	
0.428571	0.55102	0.241368	0	
0.44898	0.55102	0.231162	0	
0.469388	0.55102	0.218387	0	
0.489796	0.55102	0.202785	0	
0.510204	0.55102	0.184025	0	
0.530612	0.55102	0.161692	0	
0.55102	0.55102	0.135287	0	
0.571429	0.55102	0.104252	0	
0.591837	0.55102	0.0680259	0	
0.612245	0.55102	0.0261731	0	
0.632653	0.55102	-0.0213975	0	
0.653061	0.55102	-0.0741305	0	
0.673469	0.55102	-0.0854171	0	
0.693878	0.55102	-0.0943331	0	
0.714286	0.55102	-0.105875	0	
0.734694	0.55102	-0.119424	0	
0.755102	0.55102	-0.13444	0	
0.77551	0.55102	-0.150513	0	
0.795918	0.55102	-0.167351	0	
0.816326	0.55102	-0.184757	0	
0.836735	0.55102	-0.202601	0	
0.857143	0.55102	-0.220799	0	
0.877551	0.55102	-0.239297	0	
0.897959	0.55102	-0.258062	0	
0.918367	0.55102	-0.277073	0	
0.938775	0.55102	-0.296316	0	
0.959184	0.55102	-0.315783	0	
0.979592	0.55102	-0.335467	0	
1	0.55102	-0.355362	1	
0	0.571429	0.254962	1	
0.0204082	0.571429	0.255006	0	
0.0408163	0.571429	0.255139	0	
0.0612245	0.571429	0.255367	0	
0.0816327	0.571429	0.255698	0	
0.102041	0.571429	0.256146	0	
0.122449	0.571429	0.25673	0	
0.142857	0.571429	0.25747	0	
0.163265	0.571429	0.258393	0	
0.183673	0.571429	0.259522	0	
0.204082	0.571429	0.26088	0	
0.22449	0.571429	0.262478	0	
0.244898	0.571429	0.264305	0	
0.265306	0.571429	0.266303	0	
0.285714	0.571429	0.268342	0	
0.306122	0.571429	0.270186	0	
0.326531	0.571429	0.271487	0	
0.346939	0.571429	0.272432	0	
0.367347	0.571429	0.274404	0	
0.387755	0.571429	0.274218	0	
0.408163	0.571429	0.271468	0	
0.428571	0.571429	0.266005	0	
0.44898	0.571429	0.257756	0	
0.469388	0.571429	0.246613	0	
0.489796	0.571429	0.232384	0	
0.510204	0.571429	0.214758	0	
0.530612	0.571429	0.19329	0	
0.55102	0.571429	0.167378	0	
0.571429	0.571429	0.136263	0	
0.591837	0.571429	0.0990575	0	
0.612245	0.571429	0.0548722	0	
0.632653	0.571429	0.00313974	0	
0.653061	0.571429	-0.0557652	0	
0.673469	0.571429	-0.0687861	0	
0.693878	0.571429	-0.079316	0	
0.714286	0.571429	-0.0927878	0	
0.734694	0.571429	-0.108236	0	
0.755102	0.571429	-0.124942	0	
0.77551	0.571429	-0.142437	0	
0.795918	0.571429	-0.160436	0	
0.816326	0.571429	-0.178772	0	
0.836735	0.571429	-0.197355	0	
0.857143	0.571429	-0.216136	0	
0.877551	0.571429	-0.235091	0	
0.897959	0.571429	-0.254211	0	
0.918367	0.571429	-0.273493	0	
0.938775	0.571429	-0.292936	0	
0.959184	0.571429	-0.312542	0	
0.979592	0.571429	-0.332309	0	
1	0.571429	-0.352234	1	
0	0.591837	0.257988	1	
0.0204082	0.591837	0.25805	0	
0.0408163	0.591837	0.258232	0	
0.0612245	0.591837	0.258541	0	
0.0816327	0.591837	0.258989	0	
0.102041	0.591837	0.259595	0	
0.122449	0.591837	0.260382	0	
0.142857	0.591837	0.261381	0	
0.163265	0.591837	0.262629	0	
0.183673	0.591837	0.264165	0	
0.204082	0.591837	0.266032	0	
0.22449	0.591837	0.268269	0	
0.244898	0.591837	0.270895	0	
0.265306	0.591837	0.273882	0	
0.285714	0.591837	0.277103	0	
0.306122	0.591837	0.280252	0	
0.326531	0.591837	0.282749	0	
0.346939	0.591837	0.285072	0	
0.367347	0.591837	0.292245	0	
0.387755	0.591837	0.296089	0	
0.408163	0.591837	0.296433	0	
0.428571	0.591837	0.293431	0	
0.44898	0.591837	0.287244	0	
0.469388	0.591837	0.277926	0	
0.489796	0.591837	0.265378	0	
0.510204	0.591837	0.249335	0	
0.530612	0.591837	0.229332	0	
0.55102	0.591837	0.204673	0	
0.571429	0.591837	0.174366	0	
0.591837	0.591837	0.137069	0	
0.612245	0.591837	0.0911188	0	
0.632653	0.591837	0.0348496	0	
0.653061	0.591837	-0.0323158	0	
0.673469	0.591837	-0.048192	0	
0.693878	0.591837	-0.0613568	0	
0.714286	0.591837	-0.077724	0	
0.734694	0.591837	-0.0957889	0	
0.755102	0.591837	-0.114656	0	
0.77551	0.591837	-0.133859	0	
0.795918	0.591837	-0.153182	0	
0.816326	0.591837	-0.17254	0	
0.836735	0.591837	-0.19191	0	
0.857143	0.591837	-0.211298	0	
0.877551	0.591837	-0.230721	0	
0.897959	0.591837	-0.250199	0	
0.918367	0.591837	-0.269751	0	
0.938775	0.591837	-0.289393	0	
0.959184	0.591837	-0.309139	0	
0.979592	0.591837	-0.328996	0	
1	0.591837	-0.348954	1	
0	0.612245	0.260892	1	
0.0204082	0.612245	0.260972	0	
0.0408163	0.612245	0.261199	0	
0.0612245	0.612245	0.261577	0	
0.0816327	0.612245	0.262123	0	
0.102041	0.612245	0.262861	0	
0.122449	0.612245	0.263822	0	
0.142857	0.612245	0.265044	0	
0.163265	0.612245	0.266576	0	
0.183673	0.612245	0.268477	0	
0.204082	0.612245	0.270816	0	
0.22449	0.612245	0.273672	0	
0.244898	0.612245	0.277124	0	
0.265306	0.612245	0.281225	0	
0.285714	0.612245	0.285938	0	
0.306122	0.612245	0.290968	0	
0.326531	0.612245	0.295445	0	
0.346939	0.612245	0.299956	0	
0.367347	0.612245	0.313414	0	
0.387755	0.612245	0.321459	0	
0.408163	0.612245	0.324747	0	
0.428571	0.612245	0.324041	0	
0.44898	0.612245	0.319864	0	
0.469388	0.612245	0.312468	0	
0.489796	0.612245	0.301869	0	
0.510204	0.612245	0.287869	0	
0.530612	0.612245	0.270031	0	
0.55102	0.612245	0.247617	0	
0.571429	0.612245	0.219457	0	
0.591837	0.612245	0.183734	0	
0.612245	0.612245	0.137684	0	
0.632653	0.612245	0.0774554	0	
0.653061	0.612245	-0.000804798	0	
0.673469	0.612245	-0.0223831	0	
0.693878	0.612245	-0.0401951	0	
0.714286	0.612245	-0.0609629	0	
0.734694	0.612245	-0.0825399	0	
0.755102	0.612245	-0.104033	0	
0.77551	0.612245	-0.12516	0	
0.795918	0.612245	-0.145894	0	
0.816326	0.612245	-0.166296	0	
0.836735	0.612245	-0.186448	0	
0.857143	0.612245	-0.206426	0	
0.877551	0.612245	-0.226296	0	
0.897959	0.612245	-0.246113	0	
0.918367	0.612245	-0.265918	0	
0.938775	0.612245	-0.285747	0	
0.959184	0.612245	-0.305627	0	
0.979592	0.612245	-0.325579	0	
1	0.612245	-0.345593	1	
0	0.632653	0.263635	1	
0.0204082	0.632653	0.263749	0	
0.0408163	0.632653	0.264013	0	
0.0612245	0.632653	0.264444	0	
0.0816327	0.632653	0.265066	0	
0.102041	0.632653	0.265906	0	
0.122449	0.632653	0.267001	0	
0.142857	0.632653	0.268397	0	
0.163265	0.632653	0.270155	0	
0.183673	0.632653	0.27235	0	
0.204082	0.632653	0.275082	0	
0.22449	0.632653	0.278479	0	
0.244898	0.632653	0.282703	0	
0.265306	0.632653	0.287958	0	
0.285714	0.632653	0.294453	0	
0.306122	0.632653	0.302238	0	
0.326531	0.632653	0.310489	0	
0.346939	0.632653	0.31938	0	
0.367347	0.632653	0.339995	0	
0.387755	0.632653	0.351588	0	
0.408163	0.632653	0.357053	0	
0.428571	0.632653	0.358124	0	
0.44898	0.632653	0.355704	0	
0.469388	0.632653	0.350212	0	
0.489796	0.632653	0.341763	0	
0.510204	0.632653	0.330243	0	
0.530612	0.632653	0.315307	0	
0.55102	0.632653	0.296306	0	
0.571429	0.632653	0.272113	0	
0.591837	0.632653	0.240726	0	
0.612245	0.632653	0.198429	0	
0.632653	0.632653	0.138093	0	
0.653061	0.632653	0.0468745	0	
0.673469	0.632653	0.0104186	0	
0.693878	0.632653	-0.0160777	0	
0.714286	0.632653	-0.0433925	0	
0.734694	0.632653	-0.0693753	0	
0.755102	0.632653	-0.0937746	0	
0.77551	0.632653	-0.116854	0	
0.795918	0.632653	-0.138939	0	
0.816326	0.632653	-0.160304	0	
0.836735	0.632653	-0.181159	0	
0.857143	0.632653	-0.201661	0	
0.877551	0.632653	-0.221925	0	
0.897959	0.632653	-0.242038	0	
0.918367	0.632653	-0.262062	0	
0.938775	0.632653	-0.282049	0	
0.959184	0.632653	-0.302043	0	
0.979592	0.632653	-0.3221	0	
1	0.632653	-0.342259	1	
0	0.653061	0.266152	1	
0.0204082	0.653061	0.266374	0	
0.0408163	0.653061	0.266661	0	
0.0612245	0.653061	0.267121	0	
0.0816327	0.653061	0.267789	0	
0.102041	0.653061	0.268696	0	
0.122449	0.653061	0.269879	0	
0.142857	0.653061	0.271389	0	
0.163265	0.653061	0.273295	0	
0.183673	0.653061	0.275686	0	
0.204082	0.653061	0.278684	0	
0.22449	0.653061	0.282457	0	
0.244898	0.653061	0.287253	0	
0.265306	0.653061	0.293451	0	
0.285714	0.653061	0.30168	0	
0.306122	0.653061	0.313042	0	
0.326531	0.653061	0.329487	0	
0.346939	0.653061	0.35012	0	
0.367347	0.653061	0.375601	0	
0.387755	0.653061	0.387843	0	
0.408163	0.653061	0.393755	0	
0.428571	0.653061	0.395699	0	
0.44898	0.653061	0.394617	0	
0.469388	0.653061	0.390913	0	
0.489796	0.653061	0.384728	0	
0.510204	0.653061	0.376034	0	
0.530612	0.653061	0.364646	0	
0.55102	0.653061	0.350188	0	
0.571429	0.653061	0.331962	0	
0.591837	0.653061	0.308629	0	
0.612245	0.653061	0.277214	0	
0.632653	0.653061	0.229612	0	
0.653061	0.653061	0.138269	0	
0.673469	0.653061	0.0508033	0	
0.693878	0.653061	0.0088583	0	
0.714286	0.653061	-0.0271543	0	
0.734694	0.653061	-0.0577939	0	
0.755102	0.653061	-0.0848367	0	
0.77551	0.653061	-0.109543	0	
0.795918	0.653061	-0.132703	0	
0.816326	0.653061	-0.15482	0	
0.836735	0.653061	-0.176223	0	
0.857143	0.653061	-0.197134	0	
0.877551	0.653061	-0.217706	0	
0.897959	0.653061	-0.238051	0	
0.918367	0.653061	-0.258244	0	
0.938775	0.653061	-0.278343	0	
0.959184	0.653061	-0.298397	0	
0.979592	0.653061	-0.318519	0	
1	0.653061	-0.339242	1	
0	0.673469	0.271504	1	
0.0204082	0.673469	0.271045	0	
0.0408163	0.673469	0.271207	0	
0.0612245	0.673469	0.271667	0	
0.0816327	0.673469	0.272374	0	
0.102041	0.673469	0.273341	0	
0.122449	0.673469	0.274605	0	
0.142857	0.673469	0.276219	0	
0.163265	0.673469	0.278256	0	
0.183673	0.673469	0.280815	0	
0.204082	0.673469	0.284034	0	
0.22449	0.673469	0.288111	0	
0.244898	0.673469	0.293357	0	
0.265306	0.673469	0.3003	0	
0.285714	0.673469	0.309977	0	
0.306122	0.673469	0.324831	0	
0.326531	0.673469	0.351891	0	
0.346939	0.673469	0.372631	0	
0.367347	0.673469	0.388093	0	
0.387755	0.673469	0.397312	0	
0.408163	0.673469	0.402232	0	
0.428571	0.673469	0.403906	0	
0.44898	0.673469	0.402884	0	
0.469388	0.673469	0.39944	0	
0.489796	0.673469	0.39368	0	
0.510204	0.673469	0.385583	0	
0.530612	0.673469	0.375013	0	
0.55102	0.673469	0.361697	0	
0.571429	0.673469	0.345166	0	
0.591837	0.673469	0.324649	0	
0.612245	0.673469	0.298896	0	
0.632653	0.673469	0.266133	0	
0.653061	0.673469	0.225768	0	
0.673469	0.673469	0.138288	0	
0.693878	0.673469	0.0450282	0	
0.714286	0.673469	-0.00593446	0	
0.734694	0.673469	-0.0422952	0	
0.755102	0.673469	-0.0721978	0	
0.77551	0.673469	-0.098637	0	
0.795918	0.673469	-0.122978	0	
0.816326	0.673469	-0.145955	0	
0.836735	0.673469	-0.168009	0	
0.857143	0.673469	-0.189424	0	
0.877551	0.673469	-0.210389	0	
0.897959	0.673469	-0.231035	0	
0.918367	0.673469	-0.251448	0	
0.938775	0.673469	-0.271672	0	
0.959184	0.673469	-0.291665	0	
0.979592	0.673469	-0.311076	0	
1	0.673469	-0.328119	1	
0	0.693878	0.295202	1	
0.0204082	0.693878	0.295188	0	
0.0408163	0.693878	0.295468	0	
0.0612245	0.693878	0.296051	0	
0.0816327	0.693878	0.296937	0	
0.102041	0.693878	0.298148	0	
0.122449	0.693878	0.299723	0	
0.142857	0.693878	0.301723	0	
0.163265	0.693878	0.304234	0	
0.183673	0.693878	0.307373	0	
0.204082	0.693878	0.31131	0	
0.22449	0.693878	0.316289	0	
0.244898	0.693878	0.322692	0	
0.265306	0.693878	0.331132	0	
0.285714	0.693878	0.342666	0	
0.306122	0.693878	0.359153	0	
0.326531	0.693878	0.383613	0	
0.346939	0.693878	0.392788	0	
0.367347	0.693878	0.400269	0	
0.387755	0.693878	0.406174	0	
0.408163	0.693878	0.409653	0	
0.428571	0.693878	0.410711	0	
0.44898	0.693878	0.409489	0	
0.469388	0.693878	0.4061	0	
0.489796	0.693878	0.40059	0	
0.510204	0.693878	0.392938	0	
0.530612	0.693878	0.38305	0	
0.55102	0.693878	0.370759	0	
0.571429	0.693878	0.355816	0	
0.591837	0.693878	0.337909	0	
0.612245	0.693878	0.316781	0	
0.632653	0.693878	0.292681	0	
0.653061	0.693878	0.267747	0	
0.673469	0.693878	0.231556	0	
0.693878	0.693878	0.138219	0	
0.714286	0.693878	0.0742696	0	
0.734694	0.693878	0.0268027	0	
0.755102	0.693878	-0.0113418	0	
0.77551	0.693878	-0.0439013	0	
0.795918	0.693878	-0.0729004	0	
0.816326	0.693878	-0.0995064	0	
0.836735	0.693878	-0.124434	0	
0.857143	0.693878	-0.148143	0	
0.877551	0.693878	-0.170939	0	
0.897959	0.693878	-0.193028	0	
0.918367	0.693878	-0.214545	0	
0.938775	0.693878	-0.235564	0	
0.959184	0.693878	-0.256094	0	
0.979592	0.693878	-0.276062	0	
1	0.693878	-0.295472	1	
0	0.714286	0.318931	1	
0.0204082	0.714286	0.319036	0	
0.0408163	0.714286	0.319425	0	
0.0612245	0.714286	0.320132	0	
0.0816327	0.714286	0.321177	0	
0.102041	0.714286	0.32259	0	
0.122449	0.714286	0.324416	0	
0.142857	0.714286	0.326718	0	
0.163265	0.714286	0.329584	0	
0.183673	0.714286	0.333136	0	
0.204082	0.714286	0.337543	0	
0.22449	0.714286	0.343046	0	
0.244898	0.714286	0.349988	0	
0.265306	0.714286	0.35887	0	
0.285714	0.714286	0.370403	0	
0.306122	0.714286	0.385502	0	
0.326531	0.714286	0.404937	0	
0.346939	0.714286	0.410079	0	
0.367347	0.714286	0.414022	0	
0.387755	0.714286	0.417461	0	
0.408163	0.714286	0.419497	0	
0.428571	0.714286	0.419795	0	
0.44898	0.714286	0.418262	0	
0.469388	0.714286	0.41488	0	
0.489796	0.714286	0.409643	0	
0.510204	0.714286	0.402527	0	
0.530612	0.714286	0.39349	0	
0.55102	0.714286	0.382473	0	
0.571429	0.714286	0.369429	0	
0.591837	0.714286	0.35439	0	
0.612245	0.714286	0.337639	0	
0.632653	0.714286	0.320064	0	
0.653061	0.714286	0.303808	0	
0.673469	0.714286	0.282537	0	
0.693878	0.714286	0.202024	0	
0.714286	0.714286	0.137991	0	
0.734694	0.714286	0.0865784	0	
0.755102	0.714286	0.0439291	0	
0.77551	0.714286	0.00727421	0	
0.795918	0.714286	-0.0252156	0	
0.816326	0.714286	-0.0547356	0	
0.836735	0.714286	-0.0820771	0	
0.857143	0.714286	-0.107775	0	
0.877551	0.714286	-0.132195	0	
0.897959	0.714286	-0.155592	0	
0.918367	0.714286	-0.178138	0	
0.938775	0.714286	-0.199946	0	
0.959184	0.714286	-0.221084	0	
0.979592	0.714286	-0.241604	0	
1	0.714286	-0.261645	1	
0	0.734694	0.342452	1	
0.0204082	0.734694	0.3426	0	
0.0408163	0.734694	0.343067	0	
0.0612245	0.734694	0.343875	0	
0.0816327	0.734694	0.345049	0	
0.102041	0.734694	0.346621	0	
0.122449	0.734694	0.348634	0	
0.142857	0.734694	0.351149	0	
0.163265	0.734694	0.354249	0	
0.183673	0.734694	0.358043	0	
0.204082	0.734694	0.362682	0	
0.22449	0.734694	0.368363	0	
0.244898	0.734694	0.375345	0	
0.265306	0.734694	0.383958	0	
0.285714	0.734694	0.394576	0	
0.306122	0.734694	0.407514	0	
0.326531	0.734694	0.422721	0	
0.346939	0.734694	0.42606	0	
0.367347	0.734694	0.428279	0	
0.387755	0.734694	0.430153	0	
0.408163	0.734694	0.431078	0	
0.428571	0.734694	0.430712	0	
0.44898	0.734694	0.428884	0	
0.469388	0.734694	0.425516	0	
0.489796	0.734694	0.420573	0	
0.510204	0.734694	0.414039	0	
0.530612	0.734694	0.405911	0	
0.55102	0.734694	0.396215	0	
0.571429	0.734694	0.385036	0	
0.591837	0.734694	0.372585	0	
0.612245	0.734694	0.35932	0	
0.632653	0.734694	0.346128	0	
0.653061	0.734694	0.334509	0	
0.673469	0.734694	0.318927	0	
0.693878	0.734694	0.24935	0	
0.714286	0.734694	0.189091	0	
0.734694	0.734694	0.137592	0	
0.755102	0.734694	0.093206	0	
0.77551	0.734694	0.054285	0	
0.795918	0.734694	0.0194996	0	
0.816326	0.734694	-0.012143	0	
0.836735	0.734694	-0.041364	0	
0.857143	0.734694	-0.0686833	0	
0.877551	0.734694	-0.0944746	0	
0.897959	0.734694	-0.119006	0	
0.918367	0.734694	-0.14247	0	
0.938775	0.734694	-0.164999	0	
0.959184	0.734694	-0.18669	0	
0.979592	0.734694	-0.207624	0	
1	0.734694	-0.227901	1	
0	0.755102	0.365676	1	
0.0204082	0.755102	0.365847	0	
0.0408163	0.755102	0.366367	0	
0.0612245	0.755102	0.367253	0	
0.0816327	0.755102	0.368524	0	
0.102041	0.755102	0.37021	0	
0.122449	0.755102	0.37235	0	
0.142857	0.755102	0.374996	0	
0.163265	0.755102	0.378218	0	
0.183673	0.755102	0.382107	0	
0.204082	0.755102	0.38678	0	
0.22449	0.755102	0.392378	0	
0.244898	0.755102	0.399072	0	
0.265306	0.755102	0.407041	0	
0.285714	0.755102	0.41643	0	
0.306122	0.755102	0.427258	0	
0.326531	0.755102	0.439242	0	
0.346939	0.755102	0.441589	0	
0.367347	0.755102	0.442882	0	
0.387755	0.755102	0.443793	0	
0.408163	0.755102	0.44395	0	
0.428571	0.755102	0.44309	0	
0.44898	0.755102	0.441045	0	
0.469388	0.755102	0.437728	0	
0.489796	0.755102	0.433095	0	
0.510204	0.755102	0.427143	0	
0.530612	0.755102	0.4199	0	
0.55102	0.755102	0.411441	0	
0.571429	0.755102	0.401916	0	
0.591837	0.755102	0.391594	0	
0.612245	0.755102	0.380927	0	
0.632653	0.755102	0.370618	0	
0.653061	0.755102	0.361623	0	
0.673469	0.755102	0.348868	0	
0.693878	0.755102	0.287359	0	
0.714286	0.755102	0.23143	0	
0.734694	0.755102	0.181492	0	
0.755102	0.755102	0.137018	0	
0.77551	0.755102	0.0971599	0	
0.795918	0.755102	0.0610717	0	
0.816326	0.755102	0.0280278	0	
0.836735	0.755102	-0.00255283	0	
0.857143	0.755102	-0.0311198	0	
0.877551	0.755102	-0.0580137	0	
0.897959	0.755102	-0.0834896	0	
0.918367	0.755102	-0.107736	0	
0.938775	0.755102	-0.13089	0	
0.959184	0.755102	-0.153052	0	
0.979592	0.755102	-0.174303	0	
1	0.755102	-0.194708	1	
0	0.77551	0.388559	1	
0.0204082	0.77551	0.388744	0	
0.0408163	0.77551	0.389303	0	
0.0612245	0.77551	0.390244	0	
0.0816327	0.77551	0.391585	0	
0.102041	0.77551	0.393347	0	
0.122449	0.77551	0.395561	0	
0.142857	0.77551	0.398267	0	
0.163265	0.77551	0.401521	0	
0.183673	0.77551	0.405389	0	
0.204082	0.77551	0.409951	0	
0.22449	0.77551	0.4153	0	
0.244898	0.77551	0.421526	0	
0.265306	0.77551	0.428703	0	
0.285714	0.77551	0.436845	0	
0.306122	0.77551	0.445846	0	
0.326531	0.77551	0.455394	0	
0.346939	0.77551	0.457116	0	
0.367347	0.77551	0.457868	0	
0.387755	0.77551	0.458185	0	
0.408163	0.77551	0.457842	0	
0.428571	0.77551	0.45665	0	
0.44898	0.77551	0.454481	0	
0.469388	0.77551	0.451254	0	
0.489796	0.77551	0.446938	0	
0.510204	0.77551	0.441538	0	
0.530612	0.77551	0.435103	0	
0.55102	0.77551	0.427732	0	
0.571429	0.77551	0.419593	0	
0.591837	0.77551	0.410947	0	
0.612245	0.77551	0.402177	0	
0.632653	0.77551	0.393796	0	
0.653061	0.77551	0.386406	0	
0.673469	0.77551	0.375352	0	
0.693878	0.77551	0.319787	0	
0.714286	0.77551	0.267778	0	
0.734694	0.77551	0.21993	0	
0.755102	0.77551	0.176214	0	
0.77551	0.77551	0.136265	0	
0.795918	0.77551	0.0995996	0	
0.816326	0.77551	0.0657353	0	
0.836735	0.77551	0.0342445	0	
0.857143	0.77551	0.00477087	0	
0.877551	0.77551	-0.0229706	0	
0.897959	0.77551	-0.0492024	0	
0.918367	0.77551	-0.0740938	0	
0.938775	0.77551	-0.0977708	0	
0.959184	0.77551	-0.120327	0	
0.979592	0.77551	-0.141829	0	
1	0.77551	-0.162323	1	
0	0.795918	0.411074	1	
0.0204082	0.795918	0.411269	0	
0.0408163	0.795918	0.411855	0	
0.0612245	0.795918	0.412838	0	
0.0816327	0.795918	0.414226	0	
0.102041	0.795918	0.416032	0	
0.122449	0.795918	0.418278	0	
0.142857	0.795918	0.420992	0	
0.163265	0.795918	0.42421	0	
0.183673	0.795918	0.427976	0	
0.204082	0.795918	0.432338	0	
0.22449	0.795918	0.437343	0	
0.244898	0.795918	0.443029	0	
0.265306	0.795918	0.4494	0	
0.285714	0.795918	0.456403	0	
0.306122	0.795918	0.463889	0	
0.326531	0.795918	0.471577	0	
0.346939	0.795918	0.472872	0	
0.367347	0.795918	0.473288	0	
0.387755	0.795918	0.473238	0	
0.408163	0.795918	0.472581	0	
0.428571	0.795918	0.47119	0	
0.44898	0.795918	0.468973	0	
0.469388	0.795918	0.46587	0	
0.489796	0.795918	0.461863	0	
0.510204	0.795918	0.456968	0	
0.530612	0.795918	0.451243	0	
0.55102	0.795918	0.444792	0	
0.571429	0.795918	0.437776	0	
0.591837	0.795918	0.430424	0	
0.612245	0.795918	0.423037	0	
0.632653	0.795918	0.415983	0	
0.653061	0.795918	0.409648	0	
0.673469	0.795918	0.399742	0	
0.693878	0.795918	0.348659	0	
0.714286	0.795918	0.299966	0	
0.734694	0.795918	0.254236	0	
0.755102	0.795918	0.211643	0	
0.77551	0.795918	0.172087	0	
0.795918	0.795918	0.135327	0	
0.816326	0.795918	0.10107	0	
0.836735	0.795918	0.0690247	0	
0.857143	0.795918	0.0389296	0	
0.877551	0.795918	0.0105628	0	
0.897959	0.795918	-0.0162557	0	
0.918367	0.795918	-0.0416659	0	
0.938775	0.795918	-0.0657734	0	
0.959184	0.795918	-0.0886543	0	
0.979592	0.795918	-0.110362	0	
1	0.795918	-0.130927	1	
0	0.816326	0.433199	1	
0.0204082	0.816326	0.433402	0	
0.0408163	0.816326	0.434012	0	
0.0612245	0.816326	0.435027	0	
0.0816327	0.816326	0.436448	0	
0.102041	0.816326	0.438279	0	
0.122449	0.816326	0.440529	0	
0.142857	0.816326	0.443214	0	
0.163265	0.816326	0.446352	0	
0.183673	0.816326	0.449967	0	
0.204082	0.816326	0.454081	0	
0.22449	0.816326	0.458708	0	
0.244898	0.816326	0.463847	0	
0.265306	0.816326	0.469465	0	
0.285714	0.816326	0.475477	0	
0.306122	0.816326	0.481731	0	
0.326531	0.816326	0.487985	0	
0.346939	0.816326	0.488976	0	
0.367347	0.816326	0.489176	0	
0.387755	0.816326	0.488898	0	
0.408163	0.816326	0.488052	0	
0.428571	0.816326	0.486557	0	
0.44898	0.816326	0.484349	0	
0.469388	0.816326	0.481391	0	
0.489796	0.816326	0.477676	0	
0.510204	0.816326	0.473228	0	
0.530612	0.816326	0.468109	0	
0.55102	0.816326	0.462418	0	
0.571429	0.816326	0.456296	0	
0.591837	0.816326	0.449935	0	
0.612245	0.816326	0.443566	0	
0.632653	0.816326	0.437451	0	
0.653061	0.816326	0.431848	0	
0.673469	0.816326	0.422769	0	
0.693878	0.816326	0.375142	0	
0.714286	0.816326	0.32919	0	
0.734694	0.816326	0.285407	0	
0.755102	0.816326	0.244035	0	
0.77551	0.816326	0.205113	0	
0.795918	0.816326	0.168551	0	
0.816326	0.816326	0.134192	0	
0.836735	0.816326	0.101855	0	
0.857143	0.816326	0.0713602	0	
0.877551	0.816326	0.0425478	0	
0.897959	0.816326	0.015283	0	
0.918367	0.816326	-0.0105408	0	
0.938775	0.816326	-0.0350023	0	
0.959184	0.816326	-0.0581559	0	
0.979592	0.816326	-0.0800359	0	
1	0.816326	-0.100661	1	
0	0.836735	0.454918	1	
0.0204082	0.836735	0.455131	0	
0.0408163	0.836735	0.455764	0	
0.0612245	0.836735	0.45681	0	
0.0816327	0.836735	0.45826	0	
0.102041	0.836735	0.460106	0	
0.122449	0.836735	0.462346	0	
0.142857	0.836735	0.464982	0	
0.163265	0.836735	0.468018	0	
0.183673	0.836735	0.47146	0	
0.204082	0.836735	0.47531	0	
0.22449	0.836735	0.479561	0	
0.244898	0.836735	0.484187	0	
0.265306	0.836735	0.489135	0	
0.285714	0.836735	0.494312	0	
0.306122	0.836735	0.499573	0	
0.326531	0.836735	0.504717	0	
0.346939	0.836735	0.505485	0	
0.367347	0.836735	0.505543	0	
0.387755	0.836735	0.505125	0	
0.408163	0.836735	0.504174	0	
0.428571	0.836735	0.502638	0	
0.44898	0.836735	0.500476	0	
0.469388	0.836735	0.497669	0	
0.489796	0.836735	0.494221	0	
0.510204	0.836735	0.490161	0	
0.530612	0.836735	0.485548	0	
0.55102	0.836735	0.480473	0	
0.571429	0.836735	0.475057	0	
0.591837	0.836735	0.469453	0	
0.612245	0.836735	0.46384	0	
0.632653	0.836735	0.458407	0	
0.653061	0.836735	0.453332	0	
0.673469	0.836735	0.444873	0	
0.693878	0.836735	0.399952	0	
0.714286	0.836735	0.356244	0	
0.734694	0.836735	0.314169	0	
0.755102	0.836735	0.273978	0	
0.77551	0.836735	0.235778	0	
0.795918	0.836735	0.199571	0	
0.816326	0.836735	0.165293	0	
0.836735	0.836735	0.132843	0	
0.857143	0.836735	0.102109	0	
0.877551	0.836735	0.0729855	0	
0.897959	0.836735	0.0453805	0	
0.918367	0.836735	0.0192221	0	
0.938775	0.836735	-0.005539	0	
0.959184	0.836735	-0.028931	0	
0.979592	0.836735	-0.0509655	0	
1	0.836735	-0.0716438	1	
0	0.857143	0.476214	1	
0.0204082	0.857143	0.476439	0	
0.0408163	0.857143	0.477104	0	
0.0612245	0.857143	0.478191	0	
0.0816327	0.857143	0.479676	0	
0.102041	0.857143	0.48154	0	
0.122449	0.857143	0.483768	0	
0.142857	0.857143	0.48635	0	
0.163265	0.857143	0.489279	0	
0.183673	0.857143	0.492546	0	
0.204082	0.857143	0.49614	0	
0.22449	0.857143	0.500039	0	
0.244898	0.857143	0.504205	0	
0.265306	0.857143	0.508577	0	
0.285714	0.857143	0.513062	0	
0.306122	0.857143	0.517533	0	
0.326531	0.857143	0.521819	0	
0.346939	0.857143	0.522422	0	
0.367347	0.857143	0.522386	0	
0.387755	0.857143	0.521885	0	
0.408163	0.857143	0.520881	0	
0.428571	0.857143	0.519343	0	
0.44898	0.857143	0.517248	0	
0.469388	0.857143	0.514589	0	
0.489796	0.857143	0.511377	0	
0.510204	0.857143	0.507646	0	
0.530612	0.857143	0.50345	0	
0.55102	0.857143	0.498868	0	
0.571429	0.857143	0.494005	0	
0.591837	0.857143	0.488981	0	
0.612245	0.857143	0.483934	0	
0.632653	0.857143	0.479004	0	
0.653061	0.857143	0.47432	0	
0.673469	0.857143	0.466334	0	
0.693878	0.857143	0.423548	0	
0.714286	0.857143	0.381667	0	
0.734694	0.857143	0.341048	0	
0.755102	0.857143	0.301929	0	
0.77551	0.857143	0.26445	0	
0.795918	0.857143	0.228665	0	
0.816326	0.857143	0.194566	0	
0.836735	0.857143	0.162114	0	
0.857143	0.857143	0.131248	0	
0.877551	0.857143	0.101905	0	
0.897959	0.857143	0.0740316	0	
0.918367	0.857143	0.0475879	0	
0.938775	0.857143	0.0225554	0	
0.959184	0.857143	-0.00106359	0	
0.979592	0.857143	-0.0232507	0	
1	0.857143	-0.0439833	1	
0	0.877551	0.497061	1	
0.0204082	0.877551	0.497306	0	
0.0408163	0.877551	0.498023	0	
0.0612245	0.877551	0.499173	0	
0.0816327	0.877551	0.500714	0	
0.102041	0.877551	0.502611	0	
0.122449	0.877551	0.504837	0	
0.142857	0.877551	0.507372	0	
0.163265	0.877551	0.510201	0	
0.183673	0.877551	0.513306	0	
0.204082	0.877551	0.516666	0	
0.22449	0.877551	0.520252	0	
0.244898	0.877551	0.524019	0	
0.265306	0.877551	0.527906	0	
0.285714	0.877551	0.531829	0	
0.306122	0.877551	0.535677	0	
0.326531	0.877551	0.539308	0	
0.346939	0.877551	0.539791	0	
0.367347	0.877551	0.539695	0	
0.387755	0.877551	0.539147	0	
0.408163	0.877551	0.538123	0	
0.428571	0.877551	0.536606	0	
0.44898	0.877551	0.534584	0	
0.469388	0.877551	0.532061	0	
0.489796	0.877551	0.529054	0	
0.510204	0.877551	0.525595	0	
0.530612	0.877551	0.521736	0	
0.55102	0.877551	0.517547	0	
0.571429	0.877551	0.513112	0	
0.591837	0.877551	0.508532	0	
0.612245	0.877551	0.503911	0	
0.632653	0.877551	0.499356	0	
0.653061	0.877551	0.494963	0	
0.673469	0.877551	0.487342	0	
0.693878	0.877551	0.446237	0	
0.714286	0.877551	0.405831	0	
0.734694	0.877551	0.366425	0	
0.755102	0.877551	0.328242	0	
0.77551	0.877551	0.29143	0	
0.795918	0.877551	0.25607	0	
0.816326	0.877551	0.222194	0	
0.836735	0.877551	0.189799	0	
0.857143	0.877551	0.158863	0	
0.877551	0.877551	0.129356	0	
0.897959	0.877551	0.101253	0	
0.918367	0.877551	0.0745425	0	
0.938775	0.877551	0.0492361	0	
0.959184	0.877551	0.0253718	0	
0.979592	0.877551	0.00300944	0	
1	0.877551	-0.0177878	1	
0	0.897959	0.517419	1	
0.0204082	0.897959	0.517702	0	
0.0408163	0.897959	0.518508	0	
0.0612245	0.897959	0.519764	0	
0.0816327	0.897959	0.521397	0	
0.102041	0.897959	0.523353	0	
0.122449	0.897959	0.525597	0	
0.142857	0.897959	0.528102	0	
0.163265	0.897959	0.530847	0	
0.183673	0.897959	0.533811	0	
0.204082	0.897959	0.536968	0	
0.22449	0.897959	0.540283	0	
0.244898	0.897959	0.543713	0	
0.265306	0.897959	0.5472	0	
0.285714	0.897959	0.550672	0	
0.306122	0.897959	0.55404	0	
0.326531	0.897959	0.557186	0	
0.346939	0.897959	0.557588	0	
0.367347	0.897959	0.557455	0	
0.387755	0.897959	0.556884	0	
0.408163	0.897959	0.555859	0	
0.428571	0.897959	0.554372	0	
0.44898	0.897959	0.552422	0	
0.469388	0.897959	0.550018	0	
0.489796	0.897959	0.547181	0	
0.510204	0.897959	0.543944	0	
0.530612	0.897959	0.540354	0	
0.55102	0.897959	0.536471	0	
0.571429	0.897959	0.532367	0	
0.591837	0.897959	0.528122	0	
0.612245	0.897959	0.523821	0	
0.632653	0.897959	0.519546	0	
0.653061	0.897959	0.51537	0	
0.673469	0.897959	0.508026	0	
0.693878	0.897959	0.468229	0	
0.714286	0.897959	0.428993	0	
0.734694	0.897959	0.390578	0	
0.755102	0.897959	0.353185	0	
0.77551	0.897959	0.316958	0	
0.795918	0.897959	0.281993	0	
0.816326	0.897959	0.248341	0	
0.836735	0.897959	0.216026	0	
0.857143	0.897959	0.185049	0	
0.877551	0.897959	0.155403	0	
0.897959	0.897959	0.127081	0	
0.918367	0.897959	0.100093	0	
0.938775	0.897959	0.074475	0	
0.959184	0.897959	0.0503049	0	
0.979592	0.897959	0.0277048	0	
1	0.897959	0.00681303	1	
0	0.918367	0.537214	1	
0.0204082	0.918367	0.537574	0	
0.0408163	0.918367	0.538546	0	
0.0612245	0.918367	0.539979	0	
0.0816327	0.918367	0.541757	0	
0.102041	0.918367	0.54381	0	
0.122449	0.918367	0.546097	0	
0.142857	0.918367	0.548592	0	
0.163265	0.918367	0.551275	0	
0.183673	0.918367	0.554124	0	
0.204082	0.918367	0.557111	0	
0.22449	0.918367	0.560201	0	
0.244898	0.918367	0.563351	0	
0.265306	0.918367	0.56651	0	
0.285714	0.918367	0.569621	0	
0.306122	0.918367	0.572623	0	
0.326531	0.918367	0.575439	0	
0.346939	0.918367	0.575801	0	
0.367347	0.918367	0.575654	0	
0.387755	0.918367	0.575075	0	
0.408163	0.918367	0.574057	0	
0.428571	0.918367	0.572601	0	
0.44898	0.918367	0.570714	0	
0.469388	0.918367	0.568409	0	
0.489796	0.918367	0.565709	0	
0.510204	0.918367	0.562646	0	
0.530612	0.918367	0.559264	0	
0.55102	0.918367	0.555615	0	
0.571429	0.918367	0.551762	0	
0.591837	0.918367	0.54777	0	
0.612245	0.918367	0.543706	0	
0.632653	0.918367	0.539635	0	
0.653061	0.918367	0.535616	0	
0.673469	0.918367	0.528471	0	
0.693878	0.918367	0.489662	0	
0.714286	0.918367	0.451335	0	
0.734694	0.918367	0.413711	0	
0.755102	0.918367	0.376963	0	
0.77551	0.918367	0.341226	0	
0.795918	0.918367	0.306601	0	
0.816326	0.918367	0.273151	0	
0.836735	0.918367	0.240914	0	
0.857143	0.918367	0.209904	0	
0.877551	0.918367	0.180125	0	
0.897959	0.918367	0.151577	0	
0.918367	0.918367	0.124274	0	
0.938775	0.918367	0.0982659	0	
0.959184	0.918367	0.073668	0	
0.979592	0.918367	0.0506919	0	
1	0.918367	0.0296305	1	
0	0.938775	0.556292	1	
0.0204082	0.938775	0.556835	0	
0.0408163	0.938775	0.558125	0	
0.0612245	0.938775	0.55985	0	
0.0816327	0.938775	0.561844	0	
0.102041	0.938775	0.564034	0	
0.122449	0.938775	0.566389	0	
0.142857	0.938775	0.568896	0	
0.163265	0.938775	0.571539	0	
0.183673	0.938775	0.5743	0	
0.204082	0.938775	0.577153	0	
0.22449	0.938775	0.580061	0	
0.244898	0.938775	0.582982	0	
0.265306	0.938775	0.585867	0	
0.285714	0.938775	0.588678	0	
0.306122	0.938775	0.591396	0	
0.326531	0.938775	0.594024	0	
0.346939	0.938775	0.59442	0	
0.367347	0.938775	0.594284	0	
0.387755	0.938775	0.593705	0	
0.408163	0.938775	0.592694	0	
0.428571	0.938775	0.591262	0	
0.44898	0.938775	0.589424	0	
0.469388	0.938775	0.587195	0	
0.489796	0.938775	0.584599	0	
0.510204	0.938775	0.581667	0	
0.530612	0.938775	0.57844	0	
0.55102	0.938775	0.574965	0	
0.571429	0.938775	0.571296	0	
0.591837	0.938775	0.567488	0	
0.612245	0.938775	0.563598	0	
0.632653	0.938775	0.559674	0	
0.653061	0.938775	0.555757	0	
0.673469	0.938775	0.54872	0	
0.693878	0.938775	0.510612	0	
0.714286	0.938775	0.472976	0	
0.734694	0.938775	0.435967	0	
0.755102	0.938775	0.399728	0	
0.77551	0.938775	0.364384	0	
0.795918	0.938775	0.330034	0	
0.816326	0.938775	0.29675	0	
0.836735	0.938775	0.264575	0	
0.857143	0.938775	0.23353	0	
0.877551	0.938775	0.203617	0	
0.897959	0.938775	0.174828	0	
0.918367	0.938775	0.14716	0	
0.938775	0.938775	0.120647	0	
0.959184	0.938775	0.0954091	0	
0.979592	0.938775	0.0717647	0	
1	0.938775	0.0503251	1	
0	0.959184	0.574285	1	
0.0204082	0.959184	0.57535	0	
0.0408163	0.959184	0.577268	0	
0.0612245	0.959184	0.579453	0	
0.0816327	0.959184	0.581736	0	
0.102041	0.959184	0.584093	0	
0.122449	0.959184	0.586532	0	
0.142857	0.959184	0.589063	0	
0.163265	0.959184	0.591685	0	
0.183673	0.959184	0.594386	0	
0.204082	0.959184	0.59714	0	
0.22449	0.959184	0.59991	0	
0.244898	0.959184	0.602648	0	
0.265306	0.959184	0.605301	0	
0.285714	0.959184	0.607829	0	
0.306122	0.959184	0.610258	0	
0.326531	0.959184	0.612788	0	
0.346939	0.959184	0.613457	0	
0.367347	0.959184	0.613356	0	
0.387755	0.959184	0.612768	0	
0.408163	0.959184	0.61175	0	
0.428571	0.959184	0.610331	0	
0.44898	0.959184	0.608524	0	
0.469388	0.959184	0.606348	0	
0.489796	0.959184	0.603825	0	
0.510204	0.959184	0.600984	0	
0.530612	0.959184	0.597864	0	
0.55102	0.959184	0.594509	0	
0.571429	0.959184	0.590967	0	
0.591837	0.959184	0.58729	0	
0.612245	0.959184	0.583525	0	
0.632653	0.959184	0.579706	0	
0.653061	0.959184	0.575842	0	
0.673469	0.959184	0.568733	0	
0.693878	0.959184	0.531091	0	
0.714286	0.959184	0.493988	0	
0.734694	0.959184	0.457455	0	
0.755102	0.959184	0.4216	0	
0.77551	0.959184	0.386548	0	
0.795918	0.959184	0.352402	0	
0.816326	0.959184	0.319239	0	
0.836735	0.959184	0.287107	0	
0.857143	0.959184	0.256024	0	
0.877551	0.959184	0.225984	0	
0.897959	0.959184	0.196957	0	
0.918367	0.959184	0.168894	0	
0.938775	0.959184	0.141751	0	
0.959184	0.959184	0.115557	0	
0.979592	0.959184	0.0906329	0	
1	0.959184	0.0681404	1	
0	0.979592	0.590148	1	
0.0204082	0.979592	0.593014	0	
0.0408163	0.979592	0.596147	0	
0.0612245	0.979592	0.598959	0	
0.0816327	0.979592	0.601556	0	
0.102041	0.979592	0.60407	0	
0.122449	0.979592	0.606584	0	
0.142857	0.979592	0.609141	0	
0.163265	0.979592	0.611755	0	
0.183673	0.979592	0.61442	0	
0.204082	0.979592	0.617113	0	
0.22449	0.979592	0.619792	0	
0.244898	0.979592	0.6224	0	
0.265306	0.979592	0.62486	0	
0.285714	0.979592	0.627081	0	
0.306122	0.979592	0.629019	0	
0.326531	0.979592	0.631093	0	
0.346939	0.979592	0.633046	0	
0.367347	0.979592	0.632917	0	
0.387755	0.979592	0.632259	0	
0.408163	0.979592	0.631209	0	
0.428571	0.979592	0.629786	0	
0.44898	0.979592	0.627995	0	
0.469388	0.979592	0.625849	0	
0.489796	0.979592	0.623368	0	
0.510204	0.979592	0.620581	0	
0.530612	0.979592	0.617524	0	
0.55102	0.979592	0.61424	0	
0.571429	0.979592	0.610775	0	
0.591837	0.979592	0.60718	0	
0.612245	0.979592	0.603504	0	
0.632653	0.979592	0.599785	0	
0.653061	0.979592	0.59598	0	
0.673469	0.979592	0.588162	0	
0.693878	0.979592	0.551031	0	
0.714286	0.979592	0.514433	0	
0.734694	0.979592	0.478264	0	
0.755102	0.979592	0.442671	0	
0.77551	0.979592	0.407805	0	
0.795918	0.979592	0.373787	0	
0.816326	0.979592	0.340699	0	
0.836735	0.979592	0.30859	0	
0.857143	0.979592	0.277476	0	
0.877551	0.979592	0.24734	0	
0.897959	0.979592	0.218121	0	
0.918367	0.979592	0.189707	0	
0.938775	0.979592	0.161907	0	
0.959184	0.979592	0.134436	0	
0.979592	0.979592	0.10707	0	
1	0.979592	0.0809711	1	
0	1	0.600279	1	
0.0204082	1	0.610413	1	
0.0408163	1	0.615346	1	
0.0612245	1	0.61868	1	
0.0816327	1	0.62146	1	
0.102041	1	0.624048	1	
0.122449	1	0.626594	1	
0.142857	1	0.629162	1	
0.163265	1	0.631775	1	
0.183673	1	0.634428	1	
0.204082	1	0.637099	1	
0.22449	1	0.639745	1	
0.244898	1	0.6423	1	
0.265306	1	0.644659	1	
0.285714	1	0.646616	1	
0.306122	1	0.647646	1	
0.326531	1	0.645931	1	
0.346939	1	0.654051	1	
0.367347	1	0.653007	1	
0.387755	1	0.652142	1	
0.408163	1	0.651042	1	
0.428571	1	0.649609	1	
0.44898	1	0.64782	1	
0.469388	1	0.645683	1	
0.489796	1	0.643217	1	
0.510204	1	0.640447	1	
0.530612	1	0.637412	1	
0.55102	1	0.634151	1	
0.571429	1	0.630713	1	
0.591837	1	0.62715	1	
0.612245	1	0.623527	1	
0.632653	1	0.61995	1	
0.653061	1	0.616702	1	
0.673469	1	0.605243	1	
0.693878	1	0.570438	1	
0.714286	1	0.53445	1	
0.734694	1	0.498497	1	
0.755102	1	0.463013	1	
0.77551	1	0.428216	1	
0.795918	1	0.394242	1	
0.816326	1	0.361179	1	
0.836735	1	0.329077	1	
0.857143	1	0.297952	1	
0.877551	1	0.267778	1	
0.897959	1	0.238482	1	
0.918367	1	0.209907	1	
0.938775	1	0.181733	1	
0.959184	1	0.153211	1	
0.979592	1	0.122239	1	
1	1	0.0816047	1	

