0	0	0	1	
0.0212766	0	0	1	
0.0425532	0	0	1	
0.0638298	0	0	1	
0.0851064	0	0	1	
0.106383	0	0	1	
0.12766	0	0	1	
0.148936	0	0	1	
0.170213	0	0	1	
0.191489	0	0	1	
0.212766	0	0	1	
0.234043	0	0	1	
0.255319	0	0	1	
0.276596	0	0	1	
0.297872	0	0	1	
0.319149	0	0	1	
0.340426	0	0	1	
0.361702	0	0	1	
0.382979	0	0	1	
0.404255	0	0	1	
0.425532	0	0	1	
0.446808	0	0	1	
0.468085	0	0	1	
0.489362	0	0	1	
0.510638	0	0	1	
0.531915	0	0	1	
0.553191	0	0	1	
0.574468	0	0	1	
0.595745	0	0	1	
0.617021	0	0	1	
0.638298	0	0	1	
0.659574	0	0	1	
0.680851	0	0	1	
0.702128	0	0	1	
0.723404	0	0	1	
0.744681	0	0	1	
0.765957	0	0	1	
0.787234	0	0	1	
0.808511	0	0	1	
0.829787	0	0	1	
0.851064	0	0	1	
0.87234	0	0	1	
0.893617	0	0	1	
0.914894	0	0	1	
0.93617	0	0	1	
0.957447	0	0	1	
0.978723	0	0	1	
1	0	0	1	
0	0.0212766	-nan	1	
0.0212766	0.0212766	-nan	0	
0.0425532	0.0212766	-nan	0	
0.0638298	0.0212766	-nan	0	
0.0851064	0.0212766	-nan	0	
0.106383	0.0212766	-nan	0	
0.12766	0.0212766	-nan	0	
0.148936	0.0212766	-nan	0	
0.170213	0.0212766	-nan	0	
0.191489	0.0212766	-nan	0	
0.212766	0.0212766	-nan	0	
0.234043	0.0212766	-nan	0	
0.255319	0.0212766	-nan	0	
0.276596	0.0212766	-nan	0	
0.297872	0.0212766	-nan	0	
0.319149	0.0212766	-nan	0	
0.340426	0.0212766	-nan	0	
0.361702	0.0212766	-nan	0	
0.382979	0.0212766	-nan	0	
0.404255	0.0212766	-nan	0	
0.425532	0.0212766	-nan	0	
0.446808	0.0212766	-nan	0	
0.468085	0.0212766	-nan	0	
0.489362	0.0212766	-nan	0	
0.510638	0.0212766	-nan	0	
0.531915	0.0212766	-nan	0	
0.553191	0.0212766	-nan	0	
0.574468	0.0212766	-nan	0	
0.595745	0.0212766	-nan	0	
0.617021	0.0212766	-nan	0	
0.638298	0.0212766	-nan	0	
0.659574	0.0212766	-nan	0	
0.680851	0.0212766	-nan	0	
0.702128	0.0212766	-nan	0	
0.723404	0.0212766	-nan	0	
0.744681	0.0212766	-nan	0	
0.765957	0.0212766	-nan	0	
0.787234	0.0212766	-nan	0	
0.808511	0.0212766	-nan	0	
0.829787	0.0212766	-nan	0	
0.851064	0.0212766	-nan	0	
0.87234	0.0212766	-nan	0	
0.893617	0.0212766	-nan	0	
0.914894	0.0212766	-nan	0	
0.93617	0.0212766	-nan	0	
0.957447	0.0212766	-nan	0	
0.978723	0.0212766	-nan	0	
1	0.0212766	-nan	1	
0	0.0425532	-nan	1	
0.0212766	0.0425532	-nan	0	
0.0425532	0.0425532	-nan	0	
0.0638298	0.0425532	-nan	0	
0.0851064	0.0425532	-nan	0	
0.106383	0.0425532	-nan	0	
0.12766	0.0425532	-nan	0	
0.148936	0.0425532	-nan	0	
0.170213	0.0425532	-nan	0	
0.191489	0.0425532	-nan	0	
0.212766	0.0425532	-nan	0	
0.234043	0.0425532	-nan	0	
0.255319	0.0425532	-nan	0	
0.276596	0.0425532	-nan	0	
0.297872	0.0425532	-nan	0	
0.319149	0.0425532	-nan	0	
0.340426	0.0425532	-nan	0	
0.361702	0.0425532	-nan	0	
0.382979	0.0425532	-nan	0	
0.404255	0.0425532	-nan	0	
0.425532	0.0425532	-nan	0	
0.446808	0.0425532	-nan	0	
0.468085	0.0425532	-nan	0	
0.489362	0.0425532	-nan	0	
0.510638	0.0425532	-nan	0	
0.531915	0.0425532	-nan	0	
0.553191	0.0425532	-nan	0	
0.574468	0.0425532	-nan	0	
0.595745	0.0425532	-nan	0	
0.617021	0.0425532	-nan	0	
0.638298	0.0425532	-nan	0	
0.659574	0.0425532	-nan	0	
0.680851	0.0425532	-nan	0	
0.702128	0.0425532	-nan	0	
0.723404	0.0425532	-nan	0	
0.744681	0.0425532	-nan	0	
0.765957	0.0425532	-nan	0	
0.787234	0.0425532	-nan	0	
0.808511	0.0425532	-nan	0	
0.829787	0.0425532	-nan	0	
0.851064	0.0425532	-nan	0	
0.87234	0.0425532	-nan	0	
0.893617	0.0425532	-nan	0	
0.914894	0.0425532	-nan	0	
0.93617	0.0425532	-nan	0	
0.957447	0.0425532	-nan	0	
0.978723	0.0425532	-nan	0	
1	0.0425532	-nan	1	
0	0.0638298	-nan	1	
0.0212766	0.0638298	-nan	0	
0.0425532	0.0638298	-nan	0	
0.0638298	0.0638298	-nan	0	
0.0851064	0.0638298	-nan	0	
0.106383	0.0638298	-nan	0	
0.12766	0.0638298	-nan	0	
0.148936	0.0638298	-nan	0	
0.170213	0.0638298	-nan	0	
0.191489	0.0638298	-nan	0	
0.212766	0.0638298	-nan	0	
0.234043	0.0638298	-nan	0	
0.255319	0.0638298	-nan	0	
0.276596	0.0638298	-nan	0	
0.297872	0.0638298	-nan	0	
0.319149	0.0638298	-nan	0	
0.340426	0.0638298	-nan	0	
0.361702	0.0638298	-nan	0	
0.382979	0.0638298	-nan	0	
0.404255	0.0638298	-nan	0	
0.425532	0.0638298	-nan	0	
0.446808	0.0638298	-nan	0	
0.468085	0.0638298	-nan	0	
0.489362	0.0638298	-nan	0	
0.510638	0.0638298	-nan	0	
0.531915	0.0638298	-nan	0	
0.553191	0.0638298	-nan	0	
0.574468	0.0638298	-nan	0	
0.595745	0.0638298	-nan	0	
0.617021	0.0638298	-nan	0	
0.638298	0.0638298	-nan	0	
0.659574	0.0638298	-nan	0	
0.680851	0.0638298	-nan	0	
0.702128	0.0638298	-nan	0	
0.723404	0.0638298	-nan	0	
0.744681	0.0638298	-nan	0	
0.765957	0.0638298	-nan	0	
0.787234	0.0638298	-nan	0	
0.808511	0.0638298	-nan	0	
0.829787	0.0638298	-nan	0	
0.851064	0.0638298	-nan	0	
0.87234	0.0638298	-nan	0	
0.893617	0.0638298	-nan	0	
0.914894	0.0638298	-nan	0	
0.93617	0.0638298	-nan	0	
0.957447	0.0638298	-nan	0	
0.978723	0.0638298	-nan	0	
1	0.0638298	-nan	1	
0	0.0851064	-nan	1	
0.0212766	0.0851064	-nan	0	
0.0425532	0.0851064	-nan	0	
0.0638298	0.0851064	-nan	0	
0.0851064	0.0851064	-nan	0	
0.106383	0.0851064	-nan	0	
0.12766	0.0851064	-nan	0	
0.148936	0.0851064	-nan	0	
0.170213	0.0851064	-nan	0	
0.191489	0.0851064	-nan	0	
0.212766	0.0851064	-nan	0	
0.234043	0.0851064	-nan	0	
0.255319	0.0851064	-nan	0	
0.276596	0.0851064	-nan	0	
0.297872	0.0851064	-nan	0	
0.319149	0.0851064	-nan	0	
0.340426	0.0851064	-nan	0	
0.361702	0.0851064	-nan	0	
0.382979	0.0851064	-nan	0	
0.404255	0.0851064	-nan	0	
0.425532	0.0851064	-nan	0	
0.446808	0.0851064	-nan	0	
0.468085	0.0851064	-nan	0	
0.489362	0.0851064	-nan	0	
0.510638	0.0851064	-nan	0	
0.531915	0.0851064	-nan	0	
0.553191	0.0851064	-nan	0	
0.574468	0.0851064	-nan	0	
0.595745	0.0851064	-nan	0	
0.617021	0.0851064	-nan	0	
0.638298	0.0851064	-nan	0	
0.659574	0.0851064	-nan	0	
0.680851	0.0851064	-nan	0	
0.702128	0.0851064	-nan	0	
0.723404	0.0851064	-nan	0	
0.744681	0.0851064	-nan	0	
0.765957	0.0851064	-nan	0	
0.787234	0.0851064	-nan	0	
0.808511	0.0851064	-nan	0	
0.829787	0.0851064	-nan	0	
0.851064	0.0851064	-nan	0	
0.87234	0.0851064	-nan	0	
0.893617	0.0851064	-nan	0	
0.914894	0.0851064	-nan	0	
0.93617	0.0851064	-nan	0	
0.957447	0.0851064	-nan	0	
0.978723	0.0851064	-nan	0	
1	0.0851064	-nan	1	
0	0.106383	-nan	1	
0.0212766	0.106383	-nan	0	
0.0425532	0.106383	-nan	0	
0.0638298	0.106383	-nan	0	
0.0851064	0.106383	-nan	0	
0.106383	0.106383	-nan	0	
0.12766	0.106383	-nan	0	
0.148936	0.106383	-nan	0	
0.170213	0.106383	-nan	0	
0.191489	0.106383	-nan	0	
0.212766	0.106383	-nan	0	
0.234043	0.106383	-nan	0	
0.255319	0.106383	-nan	0	
0.276596	0.106383	-nan	0	
0.297872	0.106383	-nan	0	
0.319149	0.106383	-nan	0	
0.340426	0.106383	-nan	0	
0.361702	0.106383	-nan	0	
0.382979	0.106383	-nan	0	
0.404255	0.106383	-nan	0	
0.425532	0.106383	-nan	0	
0.446808	0.106383	-nan	0	
0.468085	0.106383	-nan	0	
0.489362	0.106383	-nan	0	
0.510638	0.106383	-nan	0	
0.531915	0.106383	-nan	0	
0.553191	0.106383	-nan	0	
0.574468	0.106383	-nan	0	
0.595745	0.106383	-nan	0	
0.617021	0.106383	-nan	0	
0.638298	0.106383	-nan	0	
0.659574	0.106383	-nan	0	
0.680851	0.106383	-nan	0	
0.702128	0.106383	-nan	0	
0.723404	0.106383	-nan	0	
0.744681	0.106383	-nan	0	
0.765957	0.106383	-nan	0	
0.787234	0.106383	-nan	0	
0.808511	0.106383	-nan	0	
0.829787	0.106383	-nan	0	
0.851064	0.106383	-nan	0	
0.87234	0.106383	-nan	0	
0.893617	0.106383	-nan	0	
0.914894	0.106383	-nan	0	
0.93617	0.106383	-nan	0	
0.957447	0.106383	-nan	0	
0.978723	0.106383	-nan	0	
1	0.106383	-nan	1	
0	0.12766	-nan	1	
0.0212766	0.12766	-nan	0	
0.0425532	0.12766	-nan	0	
0.0638298	0.12766	-nan	0	
0.0851064	0.12766	-nan	0	
0.106383	0.12766	-nan	0	
0.12766	0.12766	-nan	0	
0.148936	0.12766	-nan	0	
0.170213	0.12766	-nan	0	
0.191489	0.12766	-nan	0	
0.212766	0.12766	-nan	0	
0.234043	0.12766	-nan	0	
0.255319	0.12766	-nan	0	
0.276596	0.12766	-nan	0	
0.297872	0.12766	-nan	0	
0.319149	0.12766	-nan	0	
0.340426	0.12766	-nan	0	
0.361702	0.12766	-nan	0	
0.382979	0.12766	-nan	0	
0.404255	0.12766	-nan	0	
0.425532	0.12766	-nan	0	
0.446808	0.12766	-nan	0	
0.468085	0.12766	-nan	0	
0.489362	0.12766	-nan	0	
0.510638	0.12766	-nan	0	
0.531915	0.12766	-nan	0	
0.553191	0.12766	-nan	0	
0.574468	0.12766	-nan	0	
0.595745	0.12766	-nan	0	
0.617021	0.12766	-nan	0	
0.638298	0.12766	-nan	0	
0.659574	0.12766	-nan	0	
0.680851	0.12766	-nan	0	
0.702128	0.12766	-nan	0	
0.723404	0.12766	-nan	0	
0.744681	0.12766	-nan	0	
0.765957	0.12766	-nan	0	
0.787234	0.12766	-nan	0	
0.808511	0.12766	-nan	0	
0.829787	0.12766	-nan	0	
0.851064	0.12766	-nan	0	
0.87234	0.12766	-nan	0	
0.893617	0.12766	-nan	0	
0.914894	0.12766	-nan	0	
0.93617	0.12766	-nan	0	
0.957447	0.12766	-nan	0	
0.978723	0.12766	-nan	0	
1	0.12766	-nan	1	
0	0.148936	-nan	1	
0.0212766	0.148936	-nan	0	
0.0425532	0.148936	-nan	0	
0.0638298	0.148936	-nan	0	
0.0851064	0.148936	-nan	0	
0.106383	0.148936	-nan	0	
0.12766	0.148936	-nan	0	
0.148936	0.148936	-nan	0	
0.170213	0.148936	-nan	0	
0.191489	0.148936	-nan	0	
0.212766	0.148936	-nan	0	
0.234043	0.148936	-nan	0	
0.255319	0.148936	-nan	0	
0.276596	0.148936	-nan	0	
0.297872	0.148936	-nan	0	
0.319149	0.148936	-nan	0	
0.340426	0.148936	-nan	0	
0.361702	0.148936	-nan	0	
0.382979	0.148936	-nan	0	
0.404255	0.148936	-nan	0	
0.425532	0.148936	-nan	0	
0.446808	0.148936	-nan	0	
0.468085	0.148936	-nan	0	
0.489362	0.148936	-nan	0	
0.510638	0.148936	-nan	0	
0.531915	0.148936	-nan	0	
0.553191	0.148936	-nan	0	
0.574468	0.148936	-nan	0	
0.595745	0.148936	-nan	0	
0.617021	0.148936	-nan	0	
0.638298	0.148936	-nan	0	
0.659574	0.148936	-nan	0	
0.680851	0.148936	-nan	0	
0.702128	0.148936	-nan	0	
0.723404	0.148936	-nan	0	
0.744681	0.148936	-nan	0	
0.765957	0.148936	-nan	0	
0.787234	0.148936	-nan	0	
0.808511	0.148936	-nan	0	
0.829787	0.148936	-nan	0	
0.851064	0.148936	-nan	0	
0.87234	0.148936	-nan	0	
0.893617	0.148936	-nan	0	
0.914894	0.148936	-nan	0	
0.93617	0.148936	-nan	0	
0.957447	0.148936	-nan	0	
0.978723	0.148936	-nan	0	
1	0.148936	-nan	1	
0	0.170213	-nan	1	
0.0212766	0.170213	-nan	0	
0.0425532	0.170213	-nan	0	
0.0638298	0.170213	-nan	0	
0.0851064	0.170213	-nan	0	
0.106383	0.170213	-nan	0	
0.12766	0.170213	-nan	0	
0.148936	0.170213	-nan	0	
0.170213	0.170213	-nan	0	
0.191489	0.170213	-nan	0	
0.212766	0.170213	-nan	0	
0.234043	0.170213	-nan	0	
0.255319	0.170213	-nan	0	
0.276596	0.170213	-nan	0	
0.297872	0.170213	-nan	0	
0.319149	0.170213	-nan	0	
0.340426	0.170213	-nan	0	
0.361702	0.170213	-nan	0	
0.382979	0.170213	-nan	0	
0.404255	0.170213	-nan	0	
0.425532	0.170213	-nan	0	
0.446808	0.170213	-nan	0	
0.468085	0.170213	-nan	0	
0.489362	0.170213	-nan	0	
0.510638	0.170213	-nan	0	
0.531915	0.170213	-nan	0	
0.553191	0.170213	-nan	0	
0.574468	0.170213	-nan	0	
0.595745	0.170213	-nan	0	
0.617021	0.170213	-nan	0	
0.638298	0.170213	-nan	0	
0.659574	0.170213	-nan	0	
0.680851	0.170213	-nan	0	
0.702128	0.170213	-nan	0	
0.723404	0.170213	-nan	0	
0.744681	0.170213	-nan	0	
0.765957	0.170213	-nan	0	
0.787234	0.170213	-nan	0	
0.808511	0.170213	-nan	0	
0.829787	0.170213	-nan	0	
0.851064	0.170213	-nan	0	
0.87234	0.170213	-nan	0	
0.893617	0.170213	-nan	0	
0.914894	0.170213	-nan	0	
0.93617	0.170213	-nan	0	
0.957447	0.170213	-nan	0	
0.978723	0.170213	-nan	0	
1	0.170213	-nan	1	
0	0.191489	-nan	1	
0.0212766	0.191489	-nan	0	
0.0425532	0.191489	-nan	0	
0.0638298	0.191489	-nan	0	
0.0851064	0.191489	-nan	0	
0.106383	0.191489	-nan	0	
0.12766	0.191489	-nan	0	
0.148936	0.191489	-nan	0	
0.170213	0.191489	-nan	0	
0.191489	0.191489	-nan	0	
0.212766	0.191489	-nan	0	
0.234043	0.191489	-nan	0	
0.255319	0.191489	-nan	0	
0.276596	0.191489	-nan	0	
0.297872	0.191489	-nan	0	
0.319149	0.191489	-nan	0	
0.340426	0.191489	-nan	0	
0.361702	0.191489	-nan	0	
0.382979	0.191489	-nan	0	
0.404255	0.191489	-nan	0	
0.425532	0.191489	-nan	0	
0.446808	0.191489	-nan	0	
0.468085	0.191489	-nan	0	
0.489362	0.191489	-nan	0	
0.510638	0.191489	-nan	0	
0.531915	0.191489	-nan	0	
0.553191	0.191489	-nan	0	
0.574468	0.191489	-nan	0	
0.595745	0.191489	-nan	0	
0.617021	0.191489	-nan	0	
0.638298	0.191489	-nan	0	
0.659574	0.191489	-nan	0	
0.680851	0.191489	-nan	0	
0.702128	0.191489	-nan	0	
0.723404	0.191489	-nan	0	
0.744681	0.191489	-nan	0	
0.765957	0.191489	-nan	0	
0.787234	0.191489	-nan	0	
0.808511	0.191489	-nan	0	
0.829787	0.191489	-nan	0	
0.851064	0.191489	-nan	0	
0.87234	0.191489	-nan	0	
0.893617	0.191489	-nan	0	
0.914894	0.191489	-nan	0	
0.93617	0.191489	-nan	0	
0.957447	0.191489	-nan	0	
0.978723	0.191489	-nan	0	
1	0.191489	-nan	1	
0	0.212766	-nan	1	
0.0212766	0.212766	-nan	0	
0.0425532	0.212766	-nan	0	
0.0638298	0.212766	-nan	0	
0.0851064	0.212766	-nan	0	
0.106383	0.212766	-nan	0	
0.12766	0.212766	-nan	0	
0.148936	0.212766	-nan	0	
0.170213	0.212766	-nan	0	
0.191489	0.212766	-nan	0	
0.212766	0.212766	-nan	0	
0.234043	0.212766	-nan	0	
0.255319	0.212766	-nan	0	
0.276596	0.212766	-nan	0	
0.297872	0.212766	-nan	0	
0.319149	0.212766	-nan	0	
0.340426	0.212766	-nan	0	
0.361702	0.212766	-nan	0	
0.382979	0.212766	-nan	0	
0.404255	0.212766	-nan	0	
0.425532	0.212766	-nan	0	
0.446808	0.212766	-nan	0	
0.468085	0.212766	-nan	0	
0.489362	0.212766	-nan	0	
0.510638	0.212766	-nan	0	
0.531915	0.212766	-nan	0	
0.553191	0.212766	-nan	0	
0.574468	0.212766	-nan	0	
0.595745	0.212766	-nan	0	
0.617021	0.212766	-nan	0	
0.638298	0.212766	-nan	0	
0.659574	0.212766	-nan	0	
0.680851	0.212766	-nan	0	
0.702128	0.212766	-nan	0	
0.723404	0.212766	-nan	0	
0.744681	0.212766	-nan	0	
0.765957	0.212766	-nan	0	
0.787234	0.212766	-nan	0	
0.808511	0.212766	-nan	0	
0.829787	0.212766	-nan	0	
0.851064	0.212766	-nan	0	
0.87234	0.212766	-nan	0	
0.893617	0.212766	-nan	0	
0.914894	0.212766	-nan	0	
0.93617	0.212766	-nan	0	
0.957447	0.212766	-nan	0	
0.978723	0.212766	-nan	0	
1	0.212766	-nan	1	
0	0.234043	-nan	1	
0.0212766	0.234043	-nan	0	
0.0425532	0.234043	-nan	0	
0.0638298	0.234043	-nan	0	
0.0851064	0.234043	-nan	0	
0.106383	0.234043	-nan	0	
0.12766	0.234043	-nan	0	
0.148936	0.234043	-nan	0	
0.170213	0.234043	-nan	0	
0.191489	0.234043	-nan	0	
0.212766	0.234043	-nan	0	
0.234043	0.234043	-nan	0	
0.255319	0.234043	-nan	0	
0.276596	0.234043	-nan	0	
0.297872	0.234043	-nan	0	
0.319149	0.234043	-nan	0	
0.340426	0.234043	-nan	0	
0.361702	0.234043	-nan	0	
0.382979	0.234043	-nan	0	
0.404255	0.234043	-nan	0	
0.425532	0.234043	-nan	0	
0.446808	0.234043	-nan	0	
0.468085	0.234043	-nan	0	
0.489362	0.234043	-nan	0	
0.510638	0.234043	-nan	0	
0.531915	0.234043	-nan	0	
0.553191	0.234043	-nan	0	
0.574468	0.234043	-nan	0	
0.595745	0.234043	-nan	0	
0.617021	0.234043	-nan	0	
0.638298	0.234043	-nan	0	
0.659574	0.234043	-nan	0	
0.680851	0.234043	-nan	0	
0.702128	0.234043	-nan	0	
0.723404	0.234043	-nan	0	
0.744681	0.234043	-nan	0	
0.765957	0.234043	-nan	0	
0.787234	0.234043	-nan	0	
0.808511	0.234043	-nan	0	
0.829787	0.234043	-nan	0	
0.851064	0.234043	-nan	0	
0.87234	0.234043	-nan	0	
0.893617	0.234043	-nan	0	
0.914894	0.234043	-nan	0	
0.93617	0.234043	-nan	0	
0.957447	0.234043	-nan	0	
0.978723	0.234043	-nan	0	
1	0.234043	-nan	1	
0	0.255319	-nan	1	
0.0212766	0.255319	-nan	0	
0.0425532	0.255319	-nan	0	
0.0638298	0.255319	-nan	0	
0.0851064	0.255319	-nan	0	
0.106383	0.255319	-nan	0	
0.12766	0.255319	-nan	0	
0.148936	0.255319	-nan	0	
0.170213	0.255319	-nan	0	
0.191489	0.255319	-nan	0	
0.212766	0.255319	-nan	0	
0.234043	0.255319	-nan	0	
0.255319	0.255319	-nan	0	
0.276596	0.255319	-nan	0	
0.297872	0.255319	-nan	0	
0.319149	0.255319	-nan	0	
0.340426	0.255319	-nan	0	
0.361702	0.255319	-nan	0	
0.382979	0.255319	-nan	0	
0.404255	0.255319	-nan	0	
0.425532	0.255319	-nan	0	
0.446808	0.255319	-nan	0	
0.468085	0.255319	-nan	0	
0.489362	0.255319	-nan	0	
0.510638	0.255319	-nan	0	
0.531915	0.255319	-nan	0	
0.553191	0.255319	-nan	0	
0.574468	0.255319	-nan	0	
0.595745	0.255319	-nan	0	
0.617021	0.255319	-nan	0	
0.638298	0.255319	-nan	0	
0.659574	0.255319	-nan	0	
0.680851	0.255319	-nan	0	
0.702128	0.255319	-nan	0	
0.723404	0.255319	-nan	0	
0.744681	0.255319	-nan	0	
0.765957	0.255319	-nan	0	
0.787234	0.255319	-nan	0	
0.808511	0.255319	-nan	0	
0.829787	0.255319	-nan	0	
0.851064	0.255319	-nan	0	
0.87234	0.255319	-nan	0	
0.893617	0.255319	-nan	0	
0.914894	0.255319	-nan	0	
0.93617	0.255319	-nan	0	
0.957447	0.255319	-nan	0	
0.978723	0.255319	-nan	0	
1	0.255319	-nan	1	
0	0.276596	-nan	1	
0.0212766	0.276596	-nan	0	
0.0425532	0.276596	-nan	0	
0.0638298	0.276596	-nan	0	
0.0851064	0.276596	-nan	0	
0.106383	0.276596	-nan	0	
0.12766	0.276596	-nan	0	
0.148936	0.276596	-nan	0	
0.170213	0.276596	-nan	0	
0.191489	0.276596	-nan	0	
0.212766	0.276596	-nan	0	
0.234043	0.276596	-nan	0	
0.255319	0.276596	-nan	0	
0.276596	0.276596	-nan	0	
0.297872	0.276596	-nan	0	
0.319149	0.276596	-nan	0	
0.340426	0.276596	-nan	0	
0.361702	0.276596	-nan	0	
0.382979	0.276596	-nan	0	
0.404255	0.276596	-nan	0	
0.425532	0.276596	-nan	0	
0.446808	0.276596	-nan	0	
0.468085	0.276596	-nan	0	
0.489362	0.276596	-nan	0	
0.510638	0.276596	-nan	0	
0.531915	0.276596	-nan	0	
0.553191	0.276596	-nan	0	
0.574468	0.276596	-nan	0	
0.595745	0.276596	-nan	0	
0.617021	0.276596	-nan	0	
0.638298	0.276596	-nan	0	
0.659574	0.276596	-nan	0	
0.680851	0.276596	-nan	0	
0.702128	0.276596	-nan	0	
0.723404	0.276596	-nan	0	
0.744681	0.276596	-nan	0	
0.765957	0.276596	-nan	0	
0.787234	0.276596	-nan	0	
0.808511	0.276596	-nan	0	
0.829787	0.276596	-nan	0	
0.851064	0.276596	-nan	0	
0.87234	0.276596	-nan	0	
0.893617	0.276596	-nan	0	
0.914894	0.276596	-nan	0	
0.93617	0.276596	-nan	0	
0.957447	0.276596	-nan	0	
0.978723	0.276596	-nan	0	
1	0.276596	-nan	1	
0	0.297872	-nan	1	
0.0212766	0.297872	-nan	0	
0.0425532	0.297872	-nan	0	
0.0638298	0.297872	-nan	0	
0.0851064	0.297872	-nan	0	
0.106383	0.297872	-nan	0	
0.12766	0.297872	-nan	0	
0.148936	0.297872	-nan	0	
0.170213	0.297872	-nan	0	
0.191489	0.297872	-nan	0	
0.212766	0.297872	-nan	0	
0.234043	0.297872	-nan	0	
0.255319	0.297872	-nan	0	
0.276596	0.297872	-nan	0	
0.297872	0.297872	-nan	0	
0.319149	0.297872	-nan	0	
0.340426	0.297872	-nan	0	
0.361702	0.297872	-nan	0	
0.382979	0.297872	-nan	0	
0.404255	0.297872	-nan	0	
0.425532	0.297872	-nan	0	
0.446808	0.297872	-nan	0	
0.468085	0.297872	-nan	0	
0.489362	0.297872	-nan	0	
0.510638	0.297872	-nan	0	
0.531915	0.297872	-nan	0	
0.553191	0.297872	-nan	0	
0.574468	0.297872	-nan	0	
0.595745	0.297872	-nan	0	
0.617021	0.297872	-nan	0	
0.638298	0.297872	-nan	0	
0.659574	0.297872	-nan	0	
0.680851	0.297872	-nan	0	
0.702128	0.297872	-nan	0	
0.723404	0.297872	-nan	0	
0.744681	0.297872	-nan	0	
0.765957	0.297872	-nan	0	
0.787234	0.297872	-nan	0	
0.808511	0.297872	-nan	0	
0.829787	0.297872	-nan	0	
0.851064	0.297872	-nan	0	
0.87234	0.297872	-nan	0	
0.893617	0.297872	-nan	0	
0.914894	0.297872	-nan	0	
0.93617	0.297872	-nan	0	
0.957447	0.297872	-nan	0	
0.978723	0.297872	-nan	0	
1	0.297872	-nan	1	
0	0.319149	-nan	1	
0.0212766	0.319149	-nan	0	
0.0425532	0.319149	-nan	0	
0.0638298	0.319149	-nan	0	
0.0851064	0.319149	-nan	0	
0.106383	0.319149	-nan	0	
0.12766	0.319149	-nan	0	
0.148936	0.319149	-nan	0	
0.170213	0.319149	-nan	0	
0.191489	0.319149	-nan	0	
0.212766	0.319149	-nan	0	
0.234043	0.319149	-nan	0	
0.255319	0.319149	-nan	0	
0.276596	0.319149	-nan	0	
0.297872	0.319149	-nan	0	
0.319149	0.319149	-nan	0	
0.340426	0.319149	-nan	0	
0.361702	0.319149	-nan	0	
0.382979	0.319149	-nan	0	
0.404255	0.319149	-nan	0	
0.425532	0.319149	-nan	0	
0.446808	0.319149	-nan	0	
0.468085	0.319149	-nan	0	
0.489362	0.319149	-nan	0	
0.510638	0.319149	-nan	0	
0.531915	0.319149	-nan	0	
0.553191	0.319149	-nan	0	
0.574468	0.319149	-nan	0	
0.595745	0.319149	-nan	0	
0.617021	0.319149	-nan	0	
0.638298	0.319149	-nan	0	
0.659574	0.319149	-nan	0	
0.680851	0.319149	-nan	0	
0.702128	0.319149	-nan	0	
0.723404	0.319149	-nan	0	
0.744681	0.319149	-nan	0	
0.765957	0.319149	-nan	0	
0.787234	0.319149	-nan	0	
0.808511	0.319149	-nan	0	
0.829787	0.319149	-nan	0	
0.851064	0.319149	-nan	0	
0.87234	0.319149	-nan	0	
0.893617	0.319149	-nan	0	
0.914894	0.319149	-nan	0	
0.93617	0.319149	-nan	0	
0.957447	0.319149	-nan	0	
0.978723	0.319149	-nan	0	
1	0.319149	-nan	1	
0	0.340426	-nan	1	
0.0212766	0.340426	-nan	0	
0.0425532	0.340426	-nan	0	
0.0638298	0.340426	-nan	0	
0.0851064	0.340426	-nan	0	
0.106383	0.340426	-nan	0	
0.12766	0.340426	-nan	0	
0.148936	0.340426	-nan	0	
0.170213	0.340426	-nan	0	
0.191489	0.340426	-nan	0	
0.212766	0.340426	-nan	0	
0.234043	0.340426	-nan	0	
0.255319	0.340426	-nan	0	
0.276596	0.340426	-nan	0	
0.297872	0.340426	-nan	0	
0.319149	0.340426	-nan	0	
0.340426	0.340426	-nan	0	
0.361702	0.340426	-nan	0	
0.382979	0.340426	-nan	0	
0.404255	0.340426	-nan	0	
0.425532	0.340426	-nan	0	
0.446808	0.340426	-nan	0	
0.468085	0.340426	-nan	0	
0.489362	0.340426	-nan	0	
0.510638	0.340426	-nan	0	
0.531915	0.340426	-nan	0	
0.553191	0.340426	-nan	0	
0.574468	0.340426	-nan	0	
0.595745	0.340426	-nan	0	
0.617021	0.340426	-nan	0	
0.638298	0.340426	-nan	0	
0.659574	0.340426	-nan	0	
0.680851	0.340426	-nan	0	
0.702128	0.340426	-nan	0	
0.723404	0.340426	-nan	0	
0.744681	0.340426	-nan	0	
0.765957	0.340426	-nan	0	
0.787234	0.340426	-nan	0	
0.808511	0.340426	-nan	0	
0.829787	0.340426	-nan	0	
0.851064	0.340426	-nan	0	
0.87234	0.340426	-nan	0	
0.893617	0.340426	-nan	0	
0.914894	0.340426	-nan	0	
0.93617	0.340426	-nan	0	
0.957447	0.340426	-nan	0	
0.978723	0.340426	-nan	0	
1	0.340426	-nan	1	
0	0.361702	-nan	1	
0.0212766	0.361702	-nan	0	
0.0425532	0.361702	-nan	0	
0.0638298	0.361702	-nan	0	
0.0851064	0.361702	-nan	0	
0.106383	0.361702	-nan	0	
0.12766	0.361702	-nan	0	
0.148936	0.361702	-nan	0	
0.170213	0.361702	-nan	0	
0.191489	0.361702	-nan	0	
0.212766	0.361702	-nan	0	
0.234043	0.361702	-nan	0	
0.255319	0.361702	-nan	0	
0.276596	0.361702	-nan	0	
0.297872	0.361702	-nan	0	
0.319149	0.361702	-nan	0	
0.340426	0.361702	-nan	0	
0.361702	0.361702	-nan	0	
0.382979	0.361702	-nan	0	
0.404255	0.361702	-nan	0	
0.425532	0.361702	-nan	0	
0.446808	0.361702	-nan	0	
0.468085	0.361702	-nan	0	
0.489362	0.361702	-nan	0	
0.510638	0.361702	-nan	0	
0.531915	0.361702	-nan	0	
0.553191	0.361702	-nan	0	
0.574468	0.361702	-nan	0	
0.595745	0.361702	-nan	0	
0.617021	0.361702	-nan	0	
0.638298	0.361702	-nan	0	
0.659574	0.361702	-nan	0	
0.680851	0.361702	-nan	0	
0.702128	0.361702	-nan	0	
0.723404	0.361702	-nan	0	
0.744681	0.361702	-nan	0	
0.765957	0.361702	-nan	0	
0.787234	0.361702	-nan	0	
0.808511	0.361702	-nan	0	
0.829787	0.361702	-nan	0	
0.851064	0.361702	-nan	0	
0.87234	0.361702	-nan	0	
0.893617	0.361702	-nan	0	
0.914894	0.361702	-nan	0	
0.93617	0.361702	-nan	0	
0.957447	0.361702	-nan	0	
0.978723	0.361702	-nan	0	
1	0.361702	-nan	1	
0	0.382979	-nan	1	
0.0212766	0.382979	-nan	0	
0.0425532	0.382979	-nan	0	
0.0638298	0.382979	-nan	0	
0.0851064	0.382979	-nan	0	
0.106383	0.382979	-nan	0	
0.12766	0.382979	-nan	0	
0.148936	0.382979	-nan	0	
0.170213	0.382979	-nan	0	
0.191489	0.382979	-nan	0	
0.212766	0.382979	-nan	0	
0.234043	0.382979	-nan	0	
0.255319	0.382979	-nan	0	
0.276596	0.382979	-nan	0	
0.297872	0.382979	-nan	0	
0.319149	0.382979	-nan	0	
0.340426	0.382979	-nan	0	
0.361702	0.382979	-nan	0	
0.382979	0.382979	-nan	0	
0.404255	0.382979	-nan	0	
0.425532	0.382979	-nan	0	
0.446808	0.382979	-nan	0	
0.468085	0.382979	-nan	0	
0.489362	0.382979	-nan	0	
0.510638	0.382979	-nan	0	
0.531915	0.382979	-nan	0	
0.553191	0.382979	-nan	0	
0.574468	0.382979	-nan	0	
0.595745	0.382979	-nan	0	
0.617021	0.382979	-nan	0	
0.638298	0.382979	-nan	0	
0.659574	0.382979	-nan	0	
0.680851	0.382979	-nan	0	
0.702128	0.382979	-nan	0	
0.723404	0.382979	-nan	0	
0.744681	0.382979	-nan	0	
0.765957	0.382979	-nan	0	
0.787234	0.382979	-nan	0	
0.808511	0.382979	-nan	0	
0.829787	0.382979	-nan	0	
0.851064	0.382979	-nan	0	
0.87234	0.382979	-nan	0	
0.893617	0.382979	-nan	0	
0.914894	0.382979	-nan	0	
0.93617	0.382979	-nan	0	
0.957447	0.382979	-nan	0	
0.978723	0.382979	-nan	0	
1	0.382979	-nan	1	
0	0.404255	-nan	1	
0.0212766	0.404255	-nan	0	
0.0425532	0.404255	-nan	0	
0.0638298	0.404255	-nan	0	
0.0851064	0.404255	-nan	0	
0.106383	0.404255	-nan	0	
0.12766	0.404255	-nan	0	
0.148936	0.404255	-nan	0	
0.170213	0.404255	-nan	0	
0.191489	0.404255	-nan	0	
0.212766	0.404255	-nan	0	
0.234043	0.404255	-nan	0	
0.255319	0.404255	-nan	0	
0.276596	0.404255	-nan	0	
0.297872	0.404255	-nan	0	
0.319149	0.404255	-nan	0	
0.340426	0.404255	-nan	0	
0.361702	0.404255	-nan	0	
0.382979	0.404255	-nan	0	
0.404255	0.404255	-nan	0	
0.425532	0.404255	-nan	0	
0.446808	0.404255	-nan	0	
0.468085	0.404255	-nan	0	
0.489362	0.404255	-nan	0	
0.510638	0.404255	-nan	0	
0.531915	0.404255	-nan	0	
0.553191	0.404255	-nan	0	
0.574468	0.404255	-nan	0	
0.595745	0.404255	-nan	0	
0.617021	0.404255	-nan	0	
0.638298	0.404255	-nan	0	
0.659574	0.404255	-nan	0	
0.680851	0.404255	-nan	0	
0.702128	0.404255	-nan	0	
0.723404	0.404255	-nan	0	
0.744681	0.404255	-nan	0	
0.765957	0.404255	-nan	0	
0.787234	0.404255	-nan	0	
0.808511	0.404255	-nan	0	
0.829787	0.404255	-nan	0	
0.851064	0.404255	-nan	0	
0.87234	0.404255	-nan	0	
0.893617	0.404255	-nan	0	
0.914894	0.404255	-nan	0	
0.93617	0.404255	-nan	0	
0.957447	0.404255	-nan	0	
0.978723	0.404255	-nan	0	
1	0.404255	-nan	1	
0	0.425532	-nan	1	
0.0212766	0.425532	-nan	0	
0.0425532	0.425532	-nan	0	
0.0638298	0.425532	-nan	0	
0.0851064	0.425532	-nan	0	
0.106383	0.425532	-nan	0	
0.12766	0.425532	-nan	0	
0.148936	0.425532	-nan	0	
0.170213	0.425532	-nan	0	
0.191489	0.425532	-nan	0	
0.212766	0.425532	-nan	0	
0.234043	0.425532	-nan	0	
0.255319	0.425532	-nan	0	
0.276596	0.425532	-nan	0	
0.297872	0.425532	-nan	0	
0.319149	0.425532	-nan	0	
0.340426	0.425532	-nan	0	
0.361702	0.425532	-nan	0	
0.382979	0.425532	-nan	0	
0.404255	0.425532	-nan	0	
0.425532	0.425532	-nan	0	
0.446808	0.425532	-nan	0	
0.468085	0.425532	-nan	0	
0.489362	0.425532	-nan	0	
0.510638	0.425532	-nan	0	
0.531915	0.425532	-nan	0	
0.553191	0.425532	-nan	0	
0.574468	0.425532	-nan	0	
0.595745	0.425532	-nan	0	
0.617021	0.425532	-nan	0	
0.638298	0.425532	-nan	0	
0.659574	0.425532	-nan	0	
0.680851	0.425532	-nan	0	
0.702128	0.425532	-nan	0	
0.723404	0.425532	-nan	0	
0.744681	0.425532	-nan	0	
0.765957	0.425532	-nan	0	
0.787234	0.425532	-nan	0	
0.808511	0.425532	-nan	0	
0.829787	0.425532	-nan	0	
0.851064	0.425532	-nan	0	
0.87234	0.425532	-nan	0	
0.893617	0.425532	-nan	0	
0.914894	0.425532	-nan	0	
0.93617	0.425532	-nan	0	
0.957447	0.425532	-nan	0	
0.978723	0.425532	-nan	0	
1	0.425532	-nan	1	
0	0.446808	-nan	1	
0.0212766	0.446808	-nan	0	
0.0425532	0.446808	-nan	0	
0.0638298	0.446808	-nan	0	
0.0851064	0.446808	-nan	0	
0.106383	0.446808	-nan	0	
0.12766	0.446808	-nan	0	
0.148936	0.446808	-nan	0	
0.170213	0.446808	-nan	0	
0.191489	0.446808	-nan	0	
0.212766	0.446808	-nan	0	
0.234043	0.446808	-nan	0	
0.255319	0.446808	-nan	0	
0.276596	0.446808	-nan	0	
0.297872	0.446808	-nan	0	
0.319149	0.446808	-nan	0	
0.340426	0.446808	-nan	0	
0.361702	0.446808	-nan	0	
0.382979	0.446808	-nan	0	
0.404255	0.446808	-nan	0	
0.425532	0.446808	-nan	0	
0.446808	0.446808	-nan	0	
0.468085	0.446808	-nan	0	
0.489362	0.446808	-nan	0	
0.510638	0.446808	-nan	0	
0.531915	0.446808	-nan	0	
0.553191	0.446808	-nan	0	
0.574468	0.446808	-nan	0	
0.595745	0.446808	-nan	0	
0.617021	0.446808	-nan	0	
0.638298	0.446808	-nan	0	
0.659574	0.446808	-nan	0	
0.680851	0.446808	-nan	0	
0.702128	0.446808	-nan	0	
0.723404	0.446808	-nan	0	
0.744681	0.446808	-nan	0	
0.765957	0.446808	-nan	0	
0.787234	0.446808	-nan	0	
0.808511	0.446808	-nan	0	
0.829787	0.446808	-nan	0	
0.851064	0.446808	-nan	0	
0.87234	0.446808	-nan	0	
0.893617	0.446808	-nan	0	
0.914894	0.446808	-nan	0	
0.93617	0.446808	-nan	0	
0.957447	0.446808	-nan	0	
0.978723	0.446808	-nan	0	
1	0.446808	-nan	1	
0	0.468085	-nan	1	
0.0212766	0.468085	-nan	0	
0.0425532	0.468085	-nan	0	
0.0638298	0.468085	-nan	0	
0.0851064	0.468085	-nan	0	
0.106383	0.468085	-nan	0	
0.12766	0.468085	-nan	0	
0.148936	0.468085	-nan	0	
0.170213	0.468085	-nan	0	
0.191489	0.468085	-nan	0	
0.212766	0.468085	-nan	0	
0.234043	0.468085	-nan	0	
0.255319	0.468085	-nan	0	
0.276596	0.468085	-nan	0	
0.297872	0.468085	-nan	0	
0.319149	0.468085	-nan	0	
0.340426	0.468085	-nan	0	
0.361702	0.468085	-nan	0	
0.382979	0.468085	-nan	0	
0.404255	0.468085	-nan	0	
0.425532	0.468085	-nan	0	
0.446808	0.468085	-nan	0	
0.468085	0.468085	-nan	0	
0.489362	0.468085	-nan	0	
0.510638	0.468085	-nan	0	
0.531915	0.468085	-nan	0	
0.553191	0.468085	-nan	0	
0.574468	0.468085	-nan	0	
0.595745	0.468085	-nan	0	
0.617021	0.468085	-nan	0	
0.638298	0.468085	-nan	0	
0.659574	0.468085	-nan	0	
0.680851	0.468085	-nan	0	
0.702128	0.468085	-nan	0	
0.723404	0.468085	-nan	0	
0.744681	0.468085	-nan	0	
0.765957	0.468085	-nan	0	
0.787234	0.468085	-nan	0	
0.808511	0.468085	-nan	0	
0.829787	0.468085	-nan	0	
0.851064	0.468085	-nan	0	
0.87234	0.468085	-nan	0	
0.893617	0.468085	-nan	0	
0.914894	0.468085	-nan	0	
0.93617	0.468085	-nan	0	
0.957447	0.468085	-nan	0	
0.978723	0.468085	-nan	0	
1	0.468085	-nan	1	
0	0.489362	-nan	1	
0.0212766	0.489362	-nan	0	
0.0425532	0.489362	-nan	0	
0.0638298	0.489362	-nan	0	
0.0851064	0.489362	-nan	0	
0.106383	0.489362	-nan	0	
0.12766	0.489362	-nan	0	
0.148936	0.489362	-nan	0	
0.170213	0.489362	-nan	0	
0.191489	0.489362	-nan	0	
0.212766	0.489362	-nan	0	
0.234043	0.489362	-nan	0	
0.255319	0.489362	-nan	0	
0.276596	0.489362	-nan	0	
0.297872	0.489362	-nan	0	
0.319149	0.489362	-nan	0	
0.340426	0.489362	-nan	0	
0.361702	0.489362	-nan	0	
0.382979	0.489362	-nan	0	
0.404255	0.489362	-nan	0	
0.425532	0.489362	-nan	0	
0.446808	0.489362	-nan	0	
0.468085	0.489362	-nan	0	
0.489362	0.489362	-nan	0	
0.510638	0.489362	-nan	0	
0.531915	0.489362	-nan	0	
0.553191	0.489362	-nan	0	
0.574468	0.489362	-nan	0	
0.595745	0.489362	-nan	0	
0.617021	0.489362	-nan	0	
0.638298	0.489362	-nan	0	
0.659574	0.489362	-nan	0	
0.680851	0.489362	-nan	0	
0.702128	0.489362	-nan	0	
0.723404	0.489362	-nan	0	
0.744681	0.489362	-nan	0	
0.765957	0.489362	-nan	0	
0.787234	0.489362	-nan	0	
0.808511	0.489362	-nan	0	
0.829787	0.489362	-nan	0	
0.851064	0.489362	-nan	0	
0.87234	0.489362	-nan	0	
0.893617	0.489362	-nan	0	
0.914894	0.489362	-nan	0	
0.93617	0.489362	-nan	0	
0.957447	0.489362	-nan	0	
0.978723	0.489362	-nan	0	
1	0.489362	-nan	1	
0	0.510638	-nan	1	
0.0212766	0.510638	-nan	0	
0.0425532	0.510638	-nan	0	
0.0638298	0.510638	-nan	0	
0.0851064	0.510638	-nan	0	
0.106383	0.510638	-nan	0	
0.12766	0.510638	-nan	0	
0.148936	0.510638	-nan	0	
0.170213	0.510638	-nan	0	
0.191489	0.510638	-nan	0	
0.212766	0.510638	-nan	0	
0.234043	0.510638	-nan	0	
0.255319	0.510638	-nan	0	
0.276596	0.510638	-nan	0	
0.297872	0.510638	-nan	0	
0.319149	0.510638	-nan	0	
0.340426	0.510638	-nan	0	
0.361702	0.510638	-nan	0	
0.382979	0.510638	-nan	0	
0.404255	0.510638	-nan	0	
0.425532	0.510638	-nan	0	
0.446808	0.510638	-nan	0	
0.468085	0.510638	-nan	0	
0.489362	0.510638	-nan	0	
0.510638	0.510638	-nan	0	
0.531915	0.510638	-nan	0	
0.553191	0.510638	-nan	0	
0.574468	0.510638	-nan	0	
0.595745	0.510638	-nan	0	
0.617021	0.510638	-nan	0	
0.638298	0.510638	-nan	0	
0.659574	0.510638	-nan	0	
0.680851	0.510638	-nan	0	
0.702128	0.510638	-nan	0	
0.723404	0.510638	-nan	0	
0.744681	0.510638	-nan	0	
0.765957	0.510638	-nan	0	
0.787234	0.510638	-nan	0	
0.808511	0.510638	-nan	0	
0.829787	0.510638	-nan	0	
0.851064	0.510638	-nan	0	
0.87234	0.510638	-nan	0	
0.893617	0.510638	-nan	0	
0.914894	0.510638	-nan	0	
0.93617	0.510638	-nan	0	
0.957447	0.510638	-nan	0	
0.978723	0.510638	-nan	0	
1	0.510638	-nan	1	
0	0.531915	-nan	1	
0.0212766	0.531915	-nan	0	
0.0425532	0.531915	-nan	0	
0.0638298	0.531915	-nan	0	
0.0851064	0.531915	-nan	0	
0.106383	0.531915	-nan	0	
0.12766	0.531915	-nan	0	
0.148936	0.531915	-nan	0	
0.170213	0.531915	-nan	0	
0.191489	0.531915	-nan	0	
0.212766	0.531915	-nan	0	
0.234043	0.531915	-nan	0	
0.255319	0.531915	-nan	0	
0.276596	0.531915	-nan	0	
0.297872	0.531915	-nan	0	
0.319149	0.531915	-nan	0	
0.340426	0.531915	-nan	0	
0.361702	0.531915	-nan	0	
0.382979	0.531915	-nan	0	
0.404255	0.531915	-nan	0	
0.425532	0.531915	-nan	0	
0.446808	0.531915	-nan	0	
0.468085	0.531915	-nan	0	
0.489362	0.531915	-nan	0	
0.510638	0.531915	-nan	0	
0.531915	0.531915	-nan	0	
0.553191	0.531915	-nan	0	
0.574468	0.531915	-nan	0	
0.595745	0.531915	-nan	0	
0.617021	0.531915	-nan	0	
0.638298	0.531915	-nan	0	
0.659574	0.531915	-nan	0	
0.680851	0.531915	-nan	0	
0.702128	0.531915	-nan	0	
0.723404	0.531915	-nan	0	
0.744681	0.531915	-nan	0	
0.765957	0.531915	-nan	0	
0.787234	0.531915	-nan	0	
0.808511	0.531915	-nan	0	
0.829787	0.531915	-nan	0	
0.851064	0.531915	-nan	0	
0.87234	0.531915	-nan	0	
0.893617	0.531915	-nan	0	
0.914894	0.531915	-nan	0	
0.93617	0.531915	-nan	0	
0.957447	0.531915	-nan	0	
0.978723	0.531915	-nan	0	
1	0.531915	-nan	1	
0	0.553191	-nan	1	
0.0212766	0.553191	-nan	0	
0.0425532	0.553191	-nan	0	
0.0638298	0.553191	-nan	0	
0.0851064	0.553191	-nan	0	
0.106383	0.553191	-nan	0	
0.12766	0.553191	-nan	0	
0.148936	0.553191	-nan	0	
0.170213	0.553191	-nan	0	
0.191489	0.553191	-nan	0	
0.212766	0.553191	-nan	0	
0.234043	0.553191	-nan	0	
0.255319	0.553191	-nan	0	
0.276596	0.553191	-nan	0	
0.297872	0.553191	-nan	0	
0.319149	0.553191	-nan	0	
0.340426	0.553191	-nan	0	
0.361702	0.553191	-nan	0	
0.382979	0.553191	-nan	0	
0.404255	0.553191	-nan	0	
0.425532	0.553191	-nan	0	
0.446808	0.553191	-nan	0	
0.468085	0.553191	-nan	0	
0.489362	0.553191	-nan	0	
0.510638	0.553191	-nan	0	
0.531915	0.553191	-nan	0	
0.553191	0.553191	-nan	0	
0.574468	0.553191	-nan	0	
0.595745	0.553191	-nan	0	
0.617021	0.553191	-nan	0	
0.638298	0.553191	-nan	0	
0.659574	0.553191	-nan	0	
0.680851	0.553191	-nan	0	
0.702128	0.553191	-nan	0	
0.723404	0.553191	-nan	0	
0.744681	0.553191	-nan	0	
0.765957	0.553191	-nan	0	
0.787234	0.553191	-nan	0	
0.808511	0.553191	-nan	0	
0.829787	0.553191	-nan	0	
0.851064	0.553191	-nan	0	
0.87234	0.553191	-nan	0	
0.893617	0.553191	-nan	0	
0.914894	0.553191	-nan	0	
0.93617	0.553191	-nan	0	
0.957447	0.553191	-nan	0	
0.978723	0.553191	-nan	0	
1	0.553191	-nan	1	
0	0.574468	-nan	1	
0.0212766	0.574468	-nan	0	
0.0425532	0.574468	-nan	0	
0.0638298	0.574468	-nan	0	
0.0851064	0.574468	-nan	0	
0.106383	0.574468	-nan	0	
0.12766	0.574468	-nan	0	
0.148936	0.574468	-nan	0	
0.170213	0.574468	-nan	0	
0.191489	0.574468	-nan	0	
0.212766	0.574468	-nan	0	
0.234043	0.574468	-nan	0	
0.255319	0.574468	-nan	0	
0.276596	0.574468	-nan	0	
0.297872	0.574468	-nan	0	
0.319149	0.574468	-nan	0	
0.340426	0.574468	-nan	0	
0.361702	0.574468	-nan	0	
0.382979	0.574468	-nan	0	
0.404255	0.574468	-nan	0	
0.425532	0.574468	-nan	0	
0.446808	0.574468	-nan	0	
0.468085	0.574468	-nan	0	
0.489362	0.574468	-nan	0	
0.510638	0.574468	-nan	0	
0.531915	0.574468	-nan	0	
0.553191	0.574468	-nan	0	
0.574468	0.574468	-nan	0	
0.595745	0.574468	-nan	0	
0.617021	0.574468	-nan	0	
0.638298	0.574468	-nan	0	
0.659574	0.574468	-nan	0	
0.680851	0.574468	-nan	0	
0.702128	0.574468	-nan	0	
0.723404	0.574468	-nan	0	
0.744681	0.574468	-nan	0	
0.765957	0.574468	-nan	0	
0.787234	0.574468	-nan	0	
0.808511	0.574468	-nan	0	
0.829787	0.574468	-nan	0	
0.851064	0.574468	-nan	0	
0.87234	0.574468	-nan	0	
0.893617	0.574468	-nan	0	
0.914894	0.574468	-nan	0	
0.93617	0.574468	-nan	0	
0.957447	0.574468	-nan	0	
0.978723	0.574468	-nan	0	
1	0.574468	-nan	1	
0	0.595745	-nan	1	
0.0212766	0.595745	-nan	0	
0.0425532	0.595745	-nan	0	
0.0638298	0.595745	-nan	0	
0.0851064	0.595745	-nan	0	
0.106383	0.595745	-nan	0	
0.12766	0.595745	-nan	0	
0.148936	0.595745	-nan	0	
0.170213	0.595745	-nan	0	
0.191489	0.595745	-nan	0	
0.212766	0.595745	-nan	0	
0.234043	0.595745	-nan	0	
0.255319	0.595745	-nan	0	
0.276596	0.595745	-nan	0	
0.297872	0.595745	-nan	0	
0.319149	0.595745	-nan	0	
0.340426	0.595745	-nan	0	
0.361702	0.595745	-nan	0	
0.382979	0.595745	-nan	0	
0.404255	0.595745	-nan	0	
0.425532	0.595745	-nan	0	
0.446808	0.595745	-nan	0	
0.468085	0.595745	-nan	0	
0.489362	0.595745	-nan	0	
0.510638	0.595745	-nan	0	
0.531915	0.595745	-nan	0	
0.553191	0.595745	-nan	0	
0.574468	0.595745	-nan	0	
0.595745	0.595745	-nan	0	
0.617021	0.595745	-nan	0	
0.638298	0.595745	-nan	0	
0.659574	0.595745	-nan	0	
0.680851	0.595745	-nan	0	
0.702128	0.595745	-nan	0	
0.723404	0.595745	-nan	0	
0.744681	0.595745	-nan	0	
0.765957	0.595745	-nan	0	
0.787234	0.595745	-nan	0	
0.808511	0.595745	-nan	0	
0.829787	0.595745	-nan	0	
0.851064	0.595745	-nan	0	
0.87234	0.595745	-nan	0	
0.893617	0.595745	-nan	0	
0.914894	0.595745	-nan	0	
0.93617	0.595745	-nan	0	
0.957447	0.595745	-nan	0	
0.978723	0.595745	-nan	0	
1	0.595745	-nan	1	
0	0.617021	-nan	1	
0.0212766	0.617021	-nan	0	
0.0425532	0.617021	-nan	0	
0.0638298	0.617021	-nan	0	
0.0851064	0.617021	-nan	0	
0.106383	0.617021	-nan	0	
0.12766	0.617021	-nan	0	
0.148936	0.617021	-nan	0	
0.170213	0.617021	-nan	0	
0.191489	0.617021	-nan	0	
0.212766	0.617021	-nan	0	
0.234043	0.617021	-nan	0	
0.255319	0.617021	-nan	0	
0.276596	0.617021	-nan	0	
0.297872	0.617021	-nan	0	
0.319149	0.617021	-nan	0	
0.340426	0.617021	-nan	0	
0.361702	0.617021	-nan	0	
0.382979	0.617021	-nan	0	
0.404255	0.617021	-nan	0	
0.425532	0.617021	-nan	0	
0.446808	0.617021	-nan	0	
0.468085	0.617021	-nan	0	
0.489362	0.617021	-nan	0	
0.510638	0.617021	-nan	0	
0.531915	0.617021	-nan	0	
0.553191	0.617021	-nan	0	
0.574468	0.617021	-nan	0	
0.595745	0.617021	-nan	0	
0.617021	0.617021	-nan	0	
0.638298	0.617021	-nan	0	
0.659574	0.617021	-nan	0	
0.680851	0.617021	-nan	0	
0.702128	0.617021	-nan	0	
0.723404	0.617021	-nan	0	
0.744681	0.617021	-nan	0	
0.765957	0.617021	-nan	0	
0.787234	0.617021	-nan	0	
0.808511	0.617021	-nan	0	
0.829787	0.617021	-nan	0	
0.851064	0.617021	-nan	0	
0.87234	0.617021	-nan	0	
0.893617	0.617021	-nan	0	
0.914894	0.617021	-nan	0	
0.93617	0.617021	-nan	0	
0.957447	0.617021	-nan	0	
0.978723	0.617021	-nan	0	
1	0.617021	-nan	1	
0	0.638298	-nan	1	
0.0212766	0.638298	-nan	0	
0.0425532	0.638298	-nan	0	
0.0638298	0.638298	-nan	0	
0.0851064	0.638298	-nan	0	
0.106383	0.638298	-nan	0	
0.12766	0.638298	-nan	0	
0.148936	0.638298	-nan	0	
0.170213	0.638298	-nan	0	
0.191489	0.638298	-nan	0	
0.212766	0.638298	-nan	0	
0.234043	0.638298	-nan	0	
0.255319	0.638298	-nan	0	
0.276596	0.638298	-nan	0	
0.297872	0.638298	-nan	0	
0.319149	0.638298	-nan	0	
0.340426	0.638298	-nan	0	
0.361702	0.638298	-nan	0	
0.382979	0.638298	-nan	0	
0.404255	0.638298	-nan	0	
0.425532	0.638298	-nan	0	
0.446808	0.638298	-nan	0	
0.468085	0.638298	-nan	0	
0.489362	0.638298	-nan	0	
0.510638	0.638298	-nan	0	
0.531915	0.638298	-nan	0	
0.553191	0.638298	-nan	0	
0.574468	0.638298	-nan	0	
0.595745	0.638298	-nan	0	
0.617021	0.638298	-nan	0	
0.638298	0.638298	-nan	0	
0.659574	0.638298	-nan	0	
0.680851	0.638298	-nan	0	
0.702128	0.638298	-nan	0	
0.723404	0.638298	-nan	0	
0.744681	0.638298	-nan	0	
0.765957	0.638298	-nan	0	
0.787234	0.638298	-nan	0	
0.808511	0.638298	-nan	0	
0.829787	0.638298	-nan	0	
0.851064	0.638298	-nan	0	
0.87234	0.638298	-nan	0	
0.893617	0.638298	-nan	0	
0.914894	0.638298	-nan	0	
0.93617	0.638298	-nan	0	
0.957447	0.638298	-nan	0	
0.978723	0.638298	-nan	0	
1	0.638298	-nan	1	
0	0.659574	-nan	1	
0.0212766	0.659574	-nan	0	
0.0425532	0.659574	-nan	0	
0.0638298	0.659574	-nan	0	
0.0851064	0.659574	-nan	0	
0.106383	0.659574	-nan	0	
0.12766	0.659574	-nan	0	
0.148936	0.659574	-nan	0	
0.170213	0.659574	-nan	0	
0.191489	0.659574	-nan	0	
0.212766	0.659574	-nan	0	
0.234043	0.659574	-nan	0	
0.255319	0.659574	-nan	0	
0.276596	0.659574	-nan	0	
0.297872	0.659574	-nan	0	
0.319149	0.659574	-nan	0	
0.340426	0.659574	-nan	0	
0.361702	0.659574	-nan	0	
0.382979	0.659574	-nan	0	
0.404255	0.659574	-nan	0	
0.425532	0.659574	-nan	0	
0.446808	0.659574	-nan	0	
0.468085	0.659574	-nan	0	
0.489362	0.659574	-nan	0	
0.510638	0.659574	-nan	0	
0.531915	0.659574	-nan	0	
0.553191	0.659574	-nan	0	
0.574468	0.659574	-nan	0	
0.595745	0.659574	-nan	0	
0.617021	0.659574	-nan	0	
0.638298	0.659574	-nan	0	
0.659574	0.659574	-nan	0	
0.680851	0.659574	-nan	0	
0.702128	0.659574	-nan	0	
0.723404	0.659574	-nan	0	
0.744681	0.659574	-nan	0	
0.765957	0.659574	-nan	0	
0.787234	0.659574	-nan	0	
0.808511	0.659574	-nan	0	
0.829787	0.659574	-nan	0	
0.851064	0.659574	-nan	0	
0.87234	0.659574	-nan	0	
0.893617	0.659574	-nan	0	
0.914894	0.659574	-nan	0	
0.93617	0.659574	-nan	0	
0.957447	0.659574	-nan	0	
0.978723	0.659574	-nan	0	
1	0.659574	-nan	1	
0	0.680851	-nan	1	
0.0212766	0.680851	-nan	0	
0.0425532	0.680851	-nan	0	
0.0638298	0.680851	-nan	0	
0.0851064	0.680851	-nan	0	
0.106383	0.680851	-nan	0	
0.12766	0.680851	-nan	0	
0.148936	0.680851	-nan	0	
0.170213	0.680851	-nan	0	
0.191489	0.680851	-nan	0	
0.212766	0.680851	-nan	0	
0.234043	0.680851	-nan	0	
0.255319	0.680851	-nan	0	
0.276596	0.680851	-nan	0	
0.297872	0.680851	-nan	0	
0.319149	0.680851	-nan	0	
0.340426	0.680851	-nan	0	
0.361702	0.680851	-nan	0	
0.382979	0.680851	-nan	0	
0.404255	0.680851	-nan	0	
0.425532	0.680851	-nan	0	
0.446808	0.680851	-nan	0	
0.468085	0.680851	-nan	0	
0.489362	0.680851	-nan	0	
0.510638	0.680851	-nan	0	
0.531915	0.680851	-nan	0	
0.553191	0.680851	-nan	0	
0.574468	0.680851	-nan	0	
0.595745	0.680851	-nan	0	
0.617021	0.680851	-nan	0	
0.638298	0.680851	-nan	0	
0.659574	0.680851	-nan	0	
0.680851	0.680851	-nan	0	
0.702128	0.680851	-nan	0	
0.723404	0.680851	-nan	0	
0.744681	0.680851	-nan	0	
0.765957	0.680851	-nan	0	
0.787234	0.680851	-nan	0	
0.808511	0.680851	-nan	0	
0.829787	0.680851	-nan	0	
0.851064	0.680851	-nan	0	
0.87234	0.680851	-nan	0	
0.893617	0.680851	-nan	0	
0.914894	0.680851	-nan	0	
0.93617	0.680851	-nan	0	
0.957447	0.680851	-nan	0	
0.978723	0.680851	-nan	0	
1	0.680851	-nan	1	
0	0.702128	-nan	1	
0.0212766	0.702128	-nan	0	
0.0425532	0.702128	-nan	0	
0.0638298	0.702128	-nan	0	
0.0851064	0.702128	-nan	0	
0.106383	0.702128	-nan	0	
0.12766	0.702128	-nan	0	
0.148936	0.702128	-nan	0	
0.170213	0.702128	-nan	0	
0.191489	0.702128	-nan	0	
0.212766	0.702128	-nan	0	
0.234043	0.702128	-nan	0	
0.255319	0.702128	-nan	0	
0.276596	0.702128	-nan	0	
0.297872	0.702128	-nan	0	
0.319149	0.702128	-nan	0	
0.340426	0.702128	-nan	0	
0.361702	0.702128	-nan	0	
0.382979	0.702128	-nan	0	
0.404255	0.702128	-nan	0	
0.425532	0.702128	-nan	0	
0.446808	0.702128	-nan	0	
0.468085	0.702128	-nan	0	
0.489362	0.702128	-nan	0	
0.510638	0.702128	-nan	0	
0.531915	0.702128	-nan	0	
0.553191	0.702128	-nan	0	
0.574468	0.702128	-nan	0	
0.595745	0.702128	-nan	0	
0.617021	0.702128	-nan	0	
0.638298	0.702128	-nan	0	
0.659574	0.702128	-nan	0	
0.680851	0.702128	-nan	0	
0.702128	0.702128	-nan	0	
0.723404	0.702128	-nan	0	
0.744681	0.702128	-nan	0	
0.765957	0.702128	-nan	0	
0.787234	0.702128	-nan	0	
0.808511	0.702128	-nan	0	
0.829787	0.702128	-nan	0	
0.851064	0.702128	-nan	0	
0.87234	0.702128	-nan	0	
0.893617	0.702128	-nan	0	
0.914894	0.702128	-nan	0	
0.93617	0.702128	-nan	0	
0.957447	0.702128	-nan	0	
0.978723	0.702128	-nan	0	
1	0.702128	-nan	1	
0	0.723404	-nan	1	
0.0212766	0.723404	-nan	0	
0.0425532	0.723404	-nan	0	
0.0638298	0.723404	-nan	0	
0.0851064	0.723404	-nan	0	
0.106383	0.723404	-nan	0	
0.12766	0.723404	-nan	0	
0.148936	0.723404	-nan	0	
0.170213	0.723404	-nan	0	
0.191489	0.723404	-nan	0	
0.212766	0.723404	-nan	0	
0.234043	0.723404	-nan	0	
0.255319	0.723404	-nan	0	
0.276596	0.723404	-nan	0	
0.297872	0.723404	-nan	0	
0.319149	0.723404	-nan	0	
0.340426	0.723404	-nan	0	
0.361702	0.723404	-nan	0	
0.382979	0.723404	-nan	0	
0.404255	0.723404	-nan	0	
0.425532	0.723404	-nan	0	
0.446808	0.723404	-nan	0	
0.468085	0.723404	-nan	0	
0.489362	0.723404	-nan	0	
0.510638	0.723404	-nan	0	
0.531915	0.723404	-nan	0	
0.553191	0.723404	-nan	0	
0.574468	0.723404	-nan	0	
0.595745	0.723404	-nan	0	
0.617021	0.723404	-nan	0	
0.638298	0.723404	-nan	0	
0.659574	0.723404	-nan	0	
0.680851	0.723404	-nan	0	
0.702128	0.723404	-nan	0	
0.723404	0.723404	-nan	0	
0.744681	0.723404	-nan	0	
0.765957	0.723404	-nan	0	
0.787234	0.723404	-nan	0	
0.808511	0.723404	-nan	0	
0.829787	0.723404	-nan	0	
0.851064	0.723404	-nan	0	
0.87234	0.723404	-nan	0	
0.893617	0.723404	-nan	0	
0.914894	0.723404	-nan	0	
0.93617	0.723404	-nan	0	
0.957447	0.723404	-nan	0	
0.978723	0.723404	-nan	0	
1	0.723404	-nan	1	
0	0.744681	-nan	1	
0.0212766	0.744681	-nan	0	
0.0425532	0.744681	-nan	0	
0.0638298	0.744681	-nan	0	
0.0851064	0.744681	-nan	0	
0.106383	0.744681	-nan	0	
0.12766	0.744681	-nan	0	
0.148936	0.744681	-nan	0	
0.170213	0.744681	-nan	0	
0.191489	0.744681	-nan	0	
0.212766	0.744681	-nan	0	
0.234043	0.744681	-nan	0	
0.255319	0.744681	-nan	0	
0.276596	0.744681	-nan	0	
0.297872	0.744681	-nan	0	
0.319149	0.744681	-nan	0	
0.340426	0.744681	-nan	0	
0.361702	0.744681	-nan	0	
0.382979	0.744681	-nan	0	
0.404255	0.744681	-nan	0	
0.425532	0.744681	-nan	0	
0.446808	0.744681	-nan	0	
0.468085	0.744681	-nan	0	
0.489362	0.744681	-nan	0	
0.510638	0.744681	-nan	0	
0.531915	0.744681	-nan	0	
0.553191	0.744681	-nan	0	
0.574468	0.744681	-nan	0	
0.595745	0.744681	-nan	0	
0.617021	0.744681	-nan	0	
0.638298	0.744681	-nan	0	
0.659574	0.744681	-nan	0	
0.680851	0.744681	-nan	0	
0.702128	0.744681	-nan	0	
0.723404	0.744681	-nan	0	
0.744681	0.744681	-nan	0	
0.765957	0.744681	-nan	0	
0.787234	0.744681	-nan	0	
0.808511	0.744681	-nan	0	
0.829787	0.744681	-nan	0	
0.851064	0.744681	-nan	0	
0.87234	0.744681	-nan	0	
0.893617	0.744681	-nan	0	
0.914894	0.744681	-nan	0	
0.93617	0.744681	-nan	0	
0.957447	0.744681	-nan	0	
0.978723	0.744681	-nan	0	
1	0.744681	-nan	1	
0	0.765957	-nan	1	
0.0212766	0.765957	-nan	0	
0.0425532	0.765957	-nan	0	
0.0638298	0.765957	-nan	0	
0.0851064	0.765957	-nan	0	
0.106383	0.765957	-nan	0	
0.12766	0.765957	-nan	0	
0.148936	0.765957	-nan	0	
0.170213	0.765957	-nan	0	
0.191489	0.765957	-nan	0	
0.212766	0.765957	-nan	0	
0.234043	0.765957	-nan	0	
0.255319	0.765957	-nan	0	
0.276596	0.765957	-nan	0	
0.297872	0.765957	-nan	0	
0.319149	0.765957	-nan	0	
0.340426	0.765957	-nan	0	
0.361702	0.765957	-nan	0	
0.382979	0.765957	-nan	0	
0.404255	0.765957	-nan	0	
0.425532	0.765957	-nan	0	
0.446808	0.765957	-nan	0	
0.468085	0.765957	-nan	0	
0.489362	0.765957	-nan	0	
0.510638	0.765957	-nan	0	
0.531915	0.765957	-nan	0	
0.553191	0.765957	-nan	0	
0.574468	0.765957	-nan	0	
0.595745	0.765957	-nan	0	
0.617021	0.765957	-nan	0	
0.638298	0.765957	-nan	0	
0.659574	0.765957	-nan	0	
0.680851	0.765957	-nan	0	
0.702128	0.765957	-nan	0	
0.723404	0.765957	-nan	0	
0.744681	0.765957	-nan	0	
0.765957	0.765957	-nan	0	
0.787234	0.765957	-nan	0	
0.808511	0.765957	-nan	0	
0.829787	0.765957	-nan	0	
0.851064	0.765957	-nan	0	
0.87234	0.765957	-nan	0	
0.893617	0.765957	-nan	0	
0.914894	0.765957	-nan	0	
0.93617	0.765957	-nan	0	
0.957447	0.765957	-nan	0	
0.978723	0.765957	-nan	0	
1	0.765957	-nan	1	
0	0.787234	-nan	1	
0.0212766	0.787234	-nan	0	
0.0425532	0.787234	-nan	0	
0.0638298	0.787234	-nan	0	
0.0851064	0.787234	-nan	0	
0.106383	0.787234	-nan	0	
0.12766	0.787234	-nan	0	
0.148936	0.787234	-nan	0	
0.170213	0.787234	-nan	0	
0.191489	0.787234	-nan	0	
0.212766	0.787234	-nan	0	
0.234043	0.787234	-nan	0	
0.255319	0.787234	-nan	0	
0.276596	0.787234	-nan	0	
0.297872	0.787234	-nan	0	
0.319149	0.787234	-nan	0	
0.340426	0.787234	-nan	0	
0.361702	0.787234	-nan	0	
0.382979	0.787234	-nan	0	
0.404255	0.787234	-nan	0	
0.425532	0.787234	-nan	0	
0.446808	0.787234	-nan	0	
0.468085	0.787234	-nan	0	
0.489362	0.787234	-nan	0	
0.510638	0.787234	-nan	0	
0.531915	0.787234	-nan	0	
0.553191	0.787234	-nan	0	
0.574468	0.787234	-nan	0	
0.595745	0.787234	-nan	0	
0.617021	0.787234	-nan	0	
0.638298	0.787234	-nan	0	
0.659574	0.787234	-nan	0	
0.680851	0.787234	-nan	0	
0.702128	0.787234	-nan	0	
0.723404	0.787234	-nan	0	
0.744681	0.787234	-nan	0	
0.765957	0.787234	-nan	0	
0.787234	0.787234	-nan	0	
0.808511	0.787234	-nan	0	
0.829787	0.787234	-nan	0	
0.851064	0.787234	-nan	0	
0.87234	0.787234	-nan	0	
0.893617	0.787234	-nan	0	
0.914894	0.787234	-nan	0	
0.93617	0.787234	-nan	0	
0.957447	0.787234	-nan	0	
0.978723	0.787234	-nan	0	
1	0.787234	-nan	1	
0	0.808511	-nan	1	
0.0212766	0.808511	-nan	0	
0.0425532	0.808511	-nan	0	
0.0638298	0.808511	-nan	0	
0.0851064	0.808511	-nan	0	
0.106383	0.808511	-nan	0	
0.12766	0.808511	-nan	0	
0.148936	0.808511	-nan	0	
0.170213	0.808511	-nan	0	
0.191489	0.808511	-nan	0	
0.212766	0.808511	-nan	0	
0.234043	0.808511	-nan	0	
0.255319	0.808511	-nan	0	
0.276596	0.808511	-nan	0	
0.297872	0.808511	-nan	0	
0.319149	0.808511	-nan	0	
0.340426	0.808511	-nan	0	
0.361702	0.808511	-nan	0	
0.382979	0.808511	-nan	0	
0.404255	0.808511	-nan	0	
0.425532	0.808511	-nan	0	
0.446808	0.808511	-nan	0	
0.468085	0.808511	-nan	0	
0.489362	0.808511	-nan	0	
0.510638	0.808511	-nan	0	
0.531915	0.808511	-nan	0	
0.553191	0.808511	-nan	0	
0.574468	0.808511	-nan	0	
0.595745	0.808511	-nan	0	
0.617021	0.808511	-nan	0	
0.638298	0.808511	-nan	0	
0.659574	0.808511	-nan	0	
0.680851	0.808511	-nan	0	
0.702128	0.808511	-nan	0	
0.723404	0.808511	-nan	0	
0.744681	0.808511	-nan	0	
0.765957	0.808511	-nan	0	
0.787234	0.808511	-nan	0	
0.808511	0.808511	-nan	0	
0.829787	0.808511	-nan	0	
0.851064	0.808511	-nan	0	
0.87234	0.808511	-nan	0	
0.893617	0.808511	-nan	0	
0.914894	0.808511	-nan	0	
0.93617	0.808511	-nan	0	
0.957447	0.808511	-nan	0	
0.978723	0.808511	-nan	0	
1	0.808511	-nan	1	
0	0.829787	-nan	1	
0.0212766	0.829787	-nan	0	
0.0425532	0.829787	-nan	0	
0.0638298	0.829787	-nan	0	
0.0851064	0.829787	-nan	0	
0.106383	0.829787	-nan	0	
0.12766	0.829787	-nan	0	
0.148936	0.829787	-nan	0	
0.170213	0.829787	-nan	0	
0.191489	0.829787	-nan	0	
0.212766	0.829787	-nan	0	
0.234043	0.829787	-nan	0	
0.255319	0.829787	-nan	0	
0.276596	0.829787	-nan	0	
0.297872	0.829787	-nan	0	
0.319149	0.829787	-nan	0	
0.340426	0.829787	-nan	0	
0.361702	0.829787	-nan	0	
0.382979	0.829787	-nan	0	
0.404255	0.829787	-nan	0	
0.425532	0.829787	-nan	0	
0.446808	0.829787	-nan	0	
0.468085	0.829787	-nan	0	
0.489362	0.829787	-nan	0	
0.510638	0.829787	-nan	0	
0.531915	0.829787	-nan	0	
0.553191	0.829787	-nan	0	
0.574468	0.829787	-nan	0	
0.595745	0.829787	-nan	0	
0.617021	0.829787	-nan	0	
0.638298	0.829787	-nan	0	
0.659574	0.829787	-nan	0	
0.680851	0.829787	-nan	0	
0.702128	0.829787	-nan	0	
0.723404	0.829787	-nan	0	
0.744681	0.829787	-nan	0	
0.765957	0.829787	-nan	0	
0.787234	0.829787	-nan	0	
0.808511	0.829787	-nan	0	
0.829787	0.829787	-nan	0	
0.851064	0.829787	-nan	0	
0.87234	0.829787	-nan	0	
0.893617	0.829787	-nan	0	
0.914894	0.829787	-nan	0	
0.93617	0.829787	-nan	0	
0.957447	0.829787	-nan	0	
0.978723	0.829787	-nan	0	
1	0.829787	-nan	1	
0	0.851064	-nan	1	
0.0212766	0.851064	-nan	0	
0.0425532	0.851064	-nan	0	
0.0638298	0.851064	-nan	0	
0.0851064	0.851064	-nan	0	
0.106383	0.851064	-nan	0	
0.12766	0.851064	-nan	0	
0.148936	0.851064	-nan	0	
0.170213	0.851064	-nan	0	
0.191489	0.851064	-nan	0	
0.212766	0.851064	-nan	0	
0.234043	0.851064	-nan	0	
0.255319	0.851064	-nan	0	
0.276596	0.851064	-nan	0	
0.297872	0.851064	-nan	0	
0.319149	0.851064	-nan	0	
0.340426	0.851064	-nan	0	
0.361702	0.851064	-nan	0	
0.382979	0.851064	-nan	0	
0.404255	0.851064	-nan	0	
0.425532	0.851064	-nan	0	
0.446808	0.851064	-nan	0	
0.468085	0.851064	-nan	0	
0.489362	0.851064	-nan	0	
0.510638	0.851064	-nan	0	
0.531915	0.851064	-nan	0	
0.553191	0.851064	-nan	0	
0.574468	0.851064	-nan	0	
0.595745	0.851064	-nan	0	
0.617021	0.851064	-nan	0	
0.638298	0.851064	-nan	0	
0.659574	0.851064	-nan	0	
0.680851	0.851064	-nan	0	
0.702128	0.851064	-nan	0	
0.723404	0.851064	-nan	0	
0.744681	0.851064	-nan	0	
0.765957	0.851064	-nan	0	
0.787234	0.851064	-nan	0	
0.808511	0.851064	-nan	0	
0.829787	0.851064	-nan	0	
0.851064	0.851064	-nan	0	
0.87234	0.851064	-nan	0	
0.893617	0.851064	-nan	0	
0.914894	0.851064	-nan	0	
0.93617	0.851064	-nan	0	
0.957447	0.851064	-nan	0	
0.978723	0.851064	-nan	0	
1	0.851064	-nan	1	
0	0.87234	-nan	1	
0.0212766	0.87234	-nan	0	
0.0425532	0.87234	-nan	0	
0.0638298	0.87234	-nan	0	
0.0851064	0.87234	-nan	0	
0.106383	0.87234	-nan	0	
0.12766	0.87234	-nan	0	
0.148936	0.87234	-nan	0	
0.170213	0.87234	-nan	0	
0.191489	0.87234	-nan	0	
0.212766	0.87234	-nan	0	
0.234043	0.87234	-nan	0	
0.255319	0.87234	-nan	0	
0.276596	0.87234	-nan	0	
0.297872	0.87234	-nan	0	
0.319149	0.87234	-nan	0	
0.340426	0.87234	-nan	0	
0.361702	0.87234	-nan	0	
0.382979	0.87234	-nan	0	
0.404255	0.87234	-nan	0	
0.425532	0.87234	-nan	0	
0.446808	0.87234	-nan	0	
0.468085	0.87234	-nan	0	
0.489362	0.87234	-nan	0	
0.510638	0.87234	-nan	0	
0.531915	0.87234	-nan	0	
0.553191	0.87234	-nan	0	
0.574468	0.87234	-nan	0	
0.595745	0.87234	-nan	0	
0.617021	0.87234	-nan	0	
0.638298	0.87234	-nan	0	
0.659574	0.87234	-nan	0	
0.680851	0.87234	-nan	0	
0.702128	0.87234	-nan	0	
0.723404	0.87234	-nan	0	
0.744681	0.87234	-nan	0	
0.765957	0.87234	-nan	0	
0.787234	0.87234	-nan	0	
0.808511	0.87234	-nan	0	
0.829787	0.87234	-nan	0	
0.851064	0.87234	-nan	0	
0.87234	0.87234	-nan	0	
0.893617	0.87234	-nan	0	
0.914894	0.87234	-nan	0	
0.93617	0.87234	-nan	0	
0.957447	0.87234	-nan	0	
0.978723	0.87234	-nan	0	
1	0.87234	-nan	1	
0	0.893617	-nan	1	
0.0212766	0.893617	-nan	0	
0.0425532	0.893617	-nan	0	
0.0638298	0.893617	-nan	0	
0.0851064	0.893617	-nan	0	
0.106383	0.893617	-nan	0	
0.12766	0.893617	-nan	0	
0.148936	0.893617	-nan	0	
0.170213	0.893617	-nan	0	
0.191489	0.893617	-nan	0	
0.212766	0.893617	-nan	0	
0.234043	0.893617	-nan	0	
0.255319	0.893617	-nan	0	
0.276596	0.893617	-nan	0	
0.297872	0.893617	-nan	0	
0.319149	0.893617	-nan	0	
0.340426	0.893617	-nan	0	
0.361702	0.893617	-nan	0	
0.382979	0.893617	-nan	0	
0.404255	0.893617	-nan	0	
0.425532	0.893617	-nan	0	
0.446808	0.893617	-nan	0	
0.468085	0.893617	-nan	0	
0.489362	0.893617	-nan	0	
0.510638	0.893617	-nan	0	
0.531915	0.893617	-nan	0	
0.553191	0.893617	-nan	0	
0.574468	0.893617	-nan	0	
0.595745	0.893617	-nan	0	
0.617021	0.893617	-nan	0	
0.638298	0.893617	-nan	0	
0.659574	0.893617	-nan	0	
0.680851	0.893617	-nan	0	
0.702128	0.893617	-nan	0	
0.723404	0.893617	-nan	0	
0.744681	0.893617	-nan	0	
0.765957	0.893617	-nan	0	
0.787234	0.893617	-nan	0	
0.808511	0.893617	-nan	0	
0.829787	0.893617	-nan	0	
0.851064	0.893617	-nan	0	
0.87234	0.893617	-nan	0	
0.893617	0.893617	-nan	0	
0.914894	0.893617	-nan	0	
0.93617	0.893617	-nan	0	
0.957447	0.893617	-nan	0	
0.978723	0.893617	-nan	0	
1	0.893617	-nan	1	
0	0.914894	-nan	1	
0.0212766	0.914894	-nan	0	
0.0425532	0.914894	-nan	0	
0.0638298	0.914894	-nan	0	
0.0851064	0.914894	-nan	0	
0.106383	0.914894	-nan	0	
0.12766	0.914894	-nan	0	
0.148936	0.914894	-nan	0	
0.170213	0.914894	-nan	0	
0.191489	0.914894	-nan	0	
0.212766	0.914894	-nan	0	
0.234043	0.914894	-nan	0	
0.255319	0.914894	-nan	0	
0.276596	0.914894	-nan	0	
0.297872	0.914894	-nan	0	
0.319149	0.914894	-nan	0	
0.340426	0.914894	-nan	0	
0.361702	0.914894	-nan	0	
0.382979	0.914894	-nan	0	
0.404255	0.914894	-nan	0	
0.425532	0.914894	-nan	0	
0.446808	0.914894	-nan	0	
0.468085	0.914894	-nan	0	
0.489362	0.914894	-nan	0	
0.510638	0.914894	-nan	0	
0.531915	0.914894	-nan	0	
0.553191	0.914894	-nan	0	
0.574468	0.914894	-nan	0	
0.595745	0.914894	-nan	0	
0.617021	0.914894	-nan	0	
0.638298	0.914894	-nan	0	
0.659574	0.914894	-nan	0	
0.680851	0.914894	-nan	0	
0.702128	0.914894	-nan	0	
0.723404	0.914894	-nan	0	
0.744681	0.914894	-nan	0	
0.765957	0.914894	-nan	0	
0.787234	0.914894	-nan	0	
0.808511	0.914894	-nan	0	
0.829787	0.914894	-nan	0	
0.851064	0.914894	-nan	0	
0.87234	0.914894	-nan	0	
0.893617	0.914894	-nan	0	
0.914894	0.914894	-nan	0	
0.93617	0.914894	-nan	0	
0.957447	0.914894	-nan	0	
0.978723	0.914894	-nan	0	
1	0.914894	-nan	1	
0	0.93617	-nan	1	
0.0212766	0.93617	-nan	0	
0.0425532	0.93617	-nan	0	
0.0638298	0.93617	-nan	0	
0.0851064	0.93617	-nan	0	
0.106383	0.93617	-nan	0	
0.12766	0.93617	-nan	0	
0.148936	0.93617	-nan	0	
0.170213	0.93617	-nan	0	
0.191489	0.93617	-nan	0	
0.212766	0.93617	-nan	0	
0.234043	0.93617	-nan	0	
0.255319	0.93617	-nan	0	
0.276596	0.93617	-nan	0	
0.297872	0.93617	-nan	0	
0.319149	0.93617	-nan	0	
0.340426	0.93617	-nan	0	
0.361702	0.93617	-nan	0	
0.382979	0.93617	-nan	0	
0.404255	0.93617	-nan	0	
0.425532	0.93617	-nan	0	
0.446808	0.93617	-nan	0	
0.468085	0.93617	-nan	0	
0.489362	0.93617	-nan	0	
0.510638	0.93617	-nan	0	
0.531915	0.93617	-nan	0	
0.553191	0.93617	-nan	0	
0.574468	0.93617	-nan	0	
0.595745	0.93617	-nan	0	
0.617021	0.93617	-nan	0	
0.638298	0.93617	-nan	0	
0.659574	0.93617	-nan	0	
0.680851	0.93617	-nan	0	
0.702128	0.93617	-nan	0	
0.723404	0.93617	-nan	0	
0.744681	0.93617	-nan	0	
0.765957	0.93617	-nan	0	
0.787234	0.93617	-nan	0	
0.808511	0.93617	-nan	0	
0.829787	0.93617	-nan	0	
0.851064	0.93617	-nan	0	
0.87234	0.93617	-nan	0	
0.893617	0.93617	-nan	0	
0.914894	0.93617	-nan	0	
0.93617	0.93617	-nan	0	
0.957447	0.93617	-nan	0	
0.978723	0.93617	-nan	0	
1	0.93617	-nan	1	
0	0.957447	-nan	1	
0.0212766	0.957447	-nan	0	
0.0425532	0.957447	-nan	0	
0.0638298	0.957447	-nan	0	
0.0851064	0.957447	-nan	0	
0.106383	0.957447	-nan	0	
0.12766	0.957447	-nan	0	
0.148936	0.957447	-nan	0	
0.170213	0.957447	-nan	0	
0.191489	0.957447	-nan	0	
0.212766	0.957447	-nan	0	
0.234043	0.957447	-nan	0	
0.255319	0.957447	-nan	0	
0.276596	0.957447	-nan	0	
0.297872	0.957447	-nan	0	
0.319149	0.957447	-nan	0	
0.340426	0.957447	-nan	0	
0.361702	0.957447	-nan	0	
0.382979	0.957447	-nan	0	
0.404255	0.957447	-nan	0	
0.425532	0.957447	-nan	0	
0.446808	0.957447	-nan	0	
0.468085	0.957447	-nan	0	
0.489362	0.957447	-nan	0	
0.510638	0.957447	-nan	0	
0.531915	0.957447	-nan	0	
0.553191	0.957447	-nan	0	
0.574468	0.957447	-nan	0	
0.595745	0.957447	-nan	0	
0.617021	0.957447	-nan	0	
0.638298	0.957447	-nan	0	
0.659574	0.957447	-nan	0	
0.680851	0.957447	-nan	0	
0.702128	0.957447	-nan	0	
0.723404	0.957447	-nan	0	
0.744681	0.957447	-nan	0	
0.765957	0.957447	-nan	0	
0.787234	0.957447	-nan	0	
0.808511	0.957447	-nan	0	
0.829787	0.957447	-nan	0	
0.851064	0.957447	-nan	0	
0.87234	0.957447	-nan	0	
0.893617	0.957447	-nan	0	
0.914894	0.957447	-nan	0	
0.93617	0.957447	-nan	0	
0.957447	0.957447	-nan	0	
0.978723	0.957447	-nan	0	
1	0.957447	-nan	1	
0	0.978723	-nan	1	
0.0212766	0.978723	-nan	0	
0.0425532	0.978723	-nan	0	
0.0638298	0.978723	-nan	0	
0.0851064	0.978723	-nan	0	
0.106383	0.978723	-nan	0	
0.12766	0.978723	-nan	0	
0.148936	0.978723	-nan	0	
0.170213	0.978723	-nan	0	
0.191489	0.978723	-nan	0	
0.212766	0.978723	-nan	0	
0.234043	0.978723	-nan	0	
0.255319	0.978723	-nan	0	
0.276596	0.978723	-nan	0	
0.297872	0.978723	-nan	0	
0.319149	0.978723	-nan	0	
0.340426	0.978723	-nan	0	
0.361702	0.978723	-nan	0	
0.382979	0.978723	-nan	0	
0.404255	0.978723	-nan	0	
0.425532	0.978723	-nan	0	
0.446808	0.978723	-nan	0	
0.468085	0.978723	-nan	0	
0.489362	0.978723	-nan	0	
0.510638	0.978723	-nan	0	
0.531915	0.978723	-nan	0	
0.553191	0.978723	-nan	0	
0.574468	0.978723	-nan	0	
0.595745	0.978723	-nan	0	
0.617021	0.978723	-nan	0	
0.638298	0.978723	-nan	0	
0.659574	0.978723	-nan	0	
0.680851	0.978723	-nan	0	
0.702128	0.978723	-nan	0	
0.723404	0.978723	-nan	0	
0.744681	0.978723	-nan	0	
0.765957	0.978723	-nan	0	
0.787234	0.978723	-nan	0	
0.808511	0.978723	-nan	0	
0.829787	0.978723	-nan	0	
0.851064	0.978723	-nan	0	
0.87234	0.978723	-nan	0	
0.893617	0.978723	-nan	0	
0.914894	0.978723	-nan	0	
0.93617	0.978723	-nan	0	
0.957447	0.978723	-nan	0	
0.978723	0.978723	-nan	0	
1	0.978723	-nan	1	
0	1	-nan	1	
0.0212766	1	-nan	1	
0.0425532	1	-nan	1	
0.0638298	1	-nan	1	
0.0851064	1	-nan	1	
0.106383	1	-nan	1	
0.12766	1	-nan	1	
0.148936	1	-nan	1	
0.170213	1	-nan	1	
0.191489	1	-nan	1	
0.212766	1	-nan	1	
0.234043	1	-nan	1	
0.255319	1	-nan	1	
0.276596	1	-nan	1	
0.297872	1	-nan	1	
0.319149	1	-nan	1	
0.340426	1	-nan	1	
0.361702	1	-nan	1	
0.382979	1	-nan	1	
0.404255	1	-nan	1	
0.425532	1	-nan	1	
0.446808	1	-nan	1	
0.468085	1	-nan	1	
0.489362	1	-nan	1	
0.510638	1	-nan	1	
0.531915	1	-nan	1	
0.553191	1	-nan	1	
0.574468	1	-nan	1	
0.595745	1	-nan	1	
0.617021	1	-nan	1	
0.638298	1	-nan	1	
0.659574	1	-nan	1	
0.680851	1	-nan	1	
0.702128	1	-nan	1	
0.723404	1	-nan	1	
0.744681	1	-nan	1	
0.765957	1	-nan	1	
0.787234	1	-nan	1	
0.808511	1	-nan	1	
0.829787	1	-nan	1	
0.851064	1	-nan	1	
0.87234	1	-nan	1	
0.893617	1	-nan	1	
0.914894	1	-nan	1	
0.93617	1	-nan	1	
0.957447	1	-nan	1	
0.978723	1	-nan	1	
1	1	-nan	1	

